6 0.837890625 0.5625 0.0615234375 0.0791015625
6 0.689453125 0.5537109375 0.0615234375 0.0791015625
6 0.603515625 0.5380859375 0.0615234375 0.0791015625
6 0.4521484375 0.5556640625 0.0615234375 0.0791015625
6 0.349609375 0.53125 0.0615234375 0.0791015625
6 0.1796875 0.5283203125 0.0615234375 0.0791015625
7 0.767578125 0.23828125 0.0810546875 0.0205078125
7 0.541015625 0.2333984375 0.0810546875 0.0205078125
7 0.2705078125 0.201171875 0.0810546875 0.0205078125
8 0.767578125 0.20703125 0.1162109375 0.03515625
8 0.53515625 0.2080078125 0.1162109375 0.03515625
5 0.794921875 0.828125 0.0830078125 0.046875
0 0.7998046875 0.5048828125 0.27734375 0.69921875
0 0.51953125 0.525390625 0.27734375 0.69921875
0 0.251953125 0.5078125 0.27734375 0.69921875
8 0.2734375 0.1796875 0.1162109375 0.03515625
5 0.7255859375 0.830078125 0.0830078125 0.046875
5 0.5625 0.830078125 0.0830078125 0.046875
5 0.4775390625 0.830078125 0.0830078125 0.046875
5 0.296875 0.828125 0.0830078125 0.046875
5 0.1982421875 0.826171875 0.0830078125 0.046875
9 0.759765625 0.427734375 0.1220703125 0.2685546875
9 0.533203125 0.423828125 0.12890625 0.2666015625
9 0.263671875 0.40625 0.162109375 0.279296875