0 0.7890625 0.5009765625 0.2470703125 0.953125
4 0.5556640625 0.1865234375 0.2236328125 0.2294921875
4 0.7734375 0.0966796875 0.150390625 0.1298828125
3 0.54296875 0.326171875 0.1669921875 0.080078125
3 0.7822265625 0.1845703125 0.1015625 0.037109375
2 0.4755859375 0.60546875 0.251953125 0.1376953125
2 0.650390625 0.560546875 0.1875 0.205078125
2 0.8408203125 0.302734375 0.0830078125 0.0732421875
2 0.96875 0.337890625 0.060546875 0.212890625
0 0.8291015625 0.3720703125 0.333984375 0.681640625
0 0.4765625 0.5341796875 0.689453125 0.927734375
0 0.4853515625 0.53515625 0.640625 0.9111328125
9 0.775390625 0.615234375 0.259765625 0.6669921875
9 0.5224609375 0.7412109375 0.556640625 0.5048828125