6 0.4404296875 0.607421875 0.1181640625 0.16796875
6 0.4013671875 0.5 0.08203125 0.1015625
7 0.59765625 0.109375 0.0830078125 0.056640625
7 0.384765625 0.1083984375 0.115234375 0.044921875
8 0.6328125 0.06640625 0.3134765625 0.1328125
8 0.40234375 0.0625 0.1533203125 0.1162109375
9 0.46875 0.38671875 0.37890625 0.4697265625
0 0.4287109375 0.3271484375 0.4072265625 0.6396484375
0 0.6708984375 0.35546875 0.3818359375 0.7109375
9 0.73046875 0.376953125 0.2265625 0.67578125
6 0.681640625 0.6318359375 0.158203125 0.103515625
6 0.720703125 0.712890625 0.123046875 0.111328125