8 0.833984375 0.3515625 0.1669921875 0.171875
8 0.357421875 0.349609375 0.111328125 0.0830078125
8 0.6708984375 0.43359375 0.0625 0.095703125
7 0.357421875 0.3662109375 0.068359375 0.0341796875
7 0.68359375 0.4462890625 0.04296875 0.0244140625
6 0.2431640625 0.3466796875 0.0771484375 0.0732421875
6 0.47265625 0.3447265625 0.0869140625 0.05859375
6 0.654296875 0.673828125 0.037109375 0.0732421875
0 0.361328125 0.5439453125 0.4541015625 0.5322265625
0 0.6416015625 0.5966796875 0.109375 0.462890625
0 0.8076171875 0.5439453125 0.3642578125 0.5810546875
9 0.63671875 0.5703125 0.078125 0.2470703125
9 0.8134765625 0.5771484375 0.267578125 0.3310546875
9 0.3779296875 0.5283203125 0.259765625 0.2578125