4 0.7890625 0.10546875 0.2421875 0.1435546875
2 0.11328125 0.439453125 0.1484375 0.2060546875
2 0.4296875 0.42578125 0.1533203125 0.1875
10 0.2236328125 0.6455078125 0.3876953125 0.5986328125
2 0.8564453125 0.673828125 0.1484375 0.197265625
2 0.4873046875 0.611328125 0.134765625 0.166015625
9 0.7431640625 0.193359375 0.125 0.046875
0 0.244140625 0.4873046875 0.453125 0.9267578125
0 0.734375 0.4794921875 0.4814453125 0.8984375
0 0.255859375 0.4873046875 0.4482421875 0.921875
0 0.759765625 0.49609375 0.4482421875 0.921875
10 0.7626953125 0.611328125 0.375 0.595703125
9 0.2392578125 0.203125 0.134765625 0.044921875
4 0.234375 0.1064453125 0.1591796875 0.1357421875