4 0.83984375 0.5322265625 0.150390625 0.1123046875
0 0.34765625 0.51953125 0.6591796875 0.9609375
0 0.7841796875 0.2939453125 0.234375 0.361328125
0 0.8583984375 0.708984375 0.283203125 0.484375
4 0.1982421875 0.1298828125 0.259765625 0.15625
4 0.765625 0.181640625 0.0966796875 0.0673828125
10 0.3232421875 0.646484375 0.595703125 0.6484375
10 0.791015625 0.345703125 0.1435546875 0.2138671875
10 0.9033203125 0.755859375 0.193359375 0.3046875
2 0.330078125 0.8408203125 0.267578125 0.1669921875
2 0.498046875 0.8125 0.212890625 0.279296875
2 0.9375 0.828125 0.111328125 0.083984375
2 0.78515625 0.396484375 0.0986328125 0.0654296875
2 0.83984375 0.3896484375 0.056640625 0.0595703125