10 0.1708984375 0.837890625 0.2373046875 0.3076171875
10 0.6689453125 0.583984375 0.498046875 0.6689453125
4 0.197265625 0.6240234375 0.138671875 0.111328125
4 0.1552734375 0.283203125 0.103515625 0.0625
0 0.66796875 0.478515625 0.572265625 0.9326171875
0 0.173828125 0.740234375 0.3466796875 0.419921875
0 0.189453125 0.3896484375 0.2158203125 0.310546875
2 0.697265625 0.7734375 0.302734375 0.265625
2 0.5732421875 0.7744140625 0.2294921875 0.28125
2 0.203125 0.9091796875 0.1640625 0.0888671875
2 0.150390625 0.904296875 0.158203125 0.103515625
2 0.2158203125 0.48046875 0.115234375 0.0966796875
2 0.16015625 0.486328125 0.078125 0.080078125
4 0.6435546875 0.072265625 0.2451171875 0.142578125
10 0.1787109375 0.4267578125 0.171875 0.203125