9 0.51171875 0.62109375 0.130859375 0.1044921875
9 0.484375 0.392578125 0.150390625 0.17578125
9 0.73828125 0.3740234375 0.16796875 0.1923828125
9 0.142578125 0.8056640625 0.271484375 0.16796875
9 0.14453125 0.5517578125 0.177734375 0.07421875
9 0.322265625 0.6865234375 0.2470703125 0.140625
9 0.6748046875 0.7958984375 0.3779296875 0.2265625
9 0.7958984375 0.6943359375 0.205078125 0.1162109375
9 0.9072265625 0.6474609375 0.185546875 0.2392578125
7 0.513671875 0.5458984375 0.0908203125 0.0625
7 0.171875 0.6982421875 0.1142578125 0.0400390625
7 0.72265625 0.2265625 0.1044921875 0.0322265625
8 0.1494140625 0.6708984375 0.2158203125 0.2080078125
8 0.142578125 0.462890625 0.1123046875 0.15625
8 0.314453125 0.578125 0.1357421875 0.1279296875
8 0.505859375 0.5361328125 0.138671875 0.1337890625
8 0.4765625 0.27734375 0.0927734375 0.10546875
8 0.6279296875 0.6376953125 0.181640625 0.1904296875
8 0.783203125 0.595703125 0.181640625 0.17578125
8 0.892578125 0.494140625 0.103515625 0.1494140625
8 0.734375 0.2275390625 0.1064453125 0.10546875
0 0.154296875 0.7353515625 0.2900390625 0.3759765625
0 0.13671875 0.5029296875 0.234375 0.2841796875
0 0.3359375 0.6494140625 0.2724609375 0.3564453125
0 0.49609375 0.568359375 0.185546875 0.2587890625
0 0.68359375 0.7275390625 0.5146484375 0.4521484375
0 0.798828125 0.634765625 0.298828125 0.3173828125
0 0.880859375 0.59765625 0.23828125 0.4052734375
0 0.466796875 0.369140625 0.2275390625 0.36328125
0 0.751953125 0.365234375 0.2744140625 0.4501953125