0 0.3759765625 0.599609375 0.1669921875 0.6748046875
0 0.115234375 0.48828125 0.2109375 0.7294921875
0 0.2080078125 0.5654296875 0.1953125 0.587890625
9 0.890625 0.591796875 0.2109375 0.34375
9 0.123046875 0.369140625 0.220703125 0.3359375
0 0.884765625 0.681640625 0.1689453125 0.583984375
10 0.7470703125 0.716796875 0.130859375 0.240234375
10 0.384765625 0.46484375 0.171875 0.234375
10 0.552734375 0.482421875 0.15625 0.248046875
10 0.689453125 0.5849609375 0.15625 0.255859375
10 0.2080078125 0.513671875 0.177734375 0.3232421875
0 0.7509765625 0.708984375 0.142578125 0.357421875
0 0.685546875 0.55078125 0.1064453125 0.3779296875
0 0.55078125 0.5810546875 0.1669921875 0.6123046875