10 0.654296875 0.5595703125 0.0859375 0.080078125
10 0.560546875 0.5703125 0.046875 0.080078125
10 0.439453125 0.5400390625 0.056640625 0.076171875
10 0.4013671875 0.548828125 0.041015625 0.072265625
10 0.029296875 0.5693359375 0.0576171875 0.1611328125
10 0.8486328125 0.533203125 0.2421875 0.365234375
10 0.2353515625 0.4990234375 0.2314453125 0.3701171875
4 0.4482421875 0.505859375 0.060546875 0.0576171875
4 0.4111328125 0.5185546875 0.0439453125 0.0546875
4 0.564453125 0.517578125 0.046875 0.0439453125
4 0.65234375 0.505859375 0.0546875 0.056640625
4 0.017578125 0.4375 0.0341796875 0.099609375
4 0.693359375 0.404296875 0.1455078125 0.197265625
4 0.396484375 0.333984375 0.1171875 0.171875
2 0.7294921875 0.640625 0.103515625 0.142578125
2 0.798828125 0.6875 0.1298828125 0.0888671875
0 0.787109375 0.5693359375 0.4091796875 0.541015625
0 0.27734375 0.5283203125 0.369140625 0.572265625