9 0.283203125 0.5791015625 0.32421875 0.4755859375
9 0.8525390625 0.6484375 0.25390625 0.3564453125
6 0.4609375 0.6181640625 0.09375 0.0869140625
6 0.615234375 0.681640625 0.091796875 0.09765625
6 0.49609375 0.6953125 0.134765625 0.1220703125
7 0.7587890625 0.3828125 0.103515625 0.041015625
7 0.388671875 0.328125 0.103515625 0.041015625
8 0.82421875 0.3017578125 0.236328125 0.1123046875
8 0.3466796875 0.2294921875 0.236328125 0.1123046875
0 0.8095703125 0.5517578125 0.380859375 0.6591796875
0 0.33984375 0.5029296875 0.4794921875 0.6669921875