10 0.666015625 0.5009765625 0.1328125 0.2421875
3 0.4599609375 0.3115234375 0.0830078125 0.0654296875
4 0.0224609375 0.5576171875 0.044921875 0.078125
4 0.23828125 0.4248046875 0.0673828125 0.0673828125
4 0.443359375 0.2685546875 0.087890625 0.068359375
0 0.5537109375 0.6015625 0.3642578125 0.7265625
0 0.419921875 0.5732421875 0.1513671875 0.291015625
0 0.306640625 0.6494140625 0.251953125 0.501953125
0 0.123046875 0.744140625 0.2373046875 0.494140625
4 0.615234375 0.3203125 0.078125 0.0888671875
4 0.392578125 0.45703125 0.037109375 0.037109375
0 0.6875 0.546875 0.265625 0.525390625
10 0.2880859375 0.591796875 0.1435546875 0.201171875
10 0.12109375 0.814453125 0.2392578125 0.3466796875
10 0.4228515625 0.599609375 0.1064453125 0.185546875
10 0.5615234375 0.6494140625 0.279296875 0.443359375