2 0.826171875 0.79296875 0.1435546875 0.087890625
4 0.7275390625 0.26171875 0.173828125 0.1015625
4 0.255859375 0.263671875 0.203125 0.126953125
2 0.373046875 0.595703125 0.1611328125 0.126953125
2 0.591796875 0.71875 0.087890625 0.0703125
3 0.267578125 0.3291015625 0.173828125 0.037109375
0 0.767578125 0.521484375 0.435546875 0.623046875
9 0.20703125 0.591796875 0.380859375 0.40625
3 0.732421875 0.330078125 0.171875 0.0498046875
9 0.7255859375 0.6083984375 0.380859375 0.40625
0 0.251953125 0.5107421875 0.4296875 0.623046875