0 0.7314453125 0.5283203125 0.345703125 0.6494140625
0 0.451171875 0.5458984375 0.283203125 0.5849609375
0 0.181640625 0.52734375 0.3203125 0.66015625
6 0.1123046875 0.7724609375 0.103515625 0.140625
9 0.7333984375 0.5810546875 0.28125 0.392578125
8 0.4287109375 0.3291015625 0.15625 0.1259765625
8 0.1787109375 0.2861328125 0.1708984375 0.1513671875
7 0.71875 0.31640625 0.181640625 0.060546875
7 0.42578125 0.337890625 0.1259765625 0.0693359375
7 0.1875 0.291015625 0.1357421875 0.0673828125
8 0.7099609375 0.306640625 0.2041015625 0.123046875
9 0.1630859375 0.5634765625 0.26171875 0.4267578125
9 0.451171875 0.5751953125 0.224609375 0.32421875