1 0.23046875 0.56640625 0.0341796875 0.052734375
1 0.283203125 0.5703125 0.0439453125 0.0625
1 0.353515625 0.513671875 0.0263671875 0.076171875
1 0.3759765625 0.51171875 0.041015625 0.0673828125
4 0.50390625 0.2900390625 0.03125 0.0439453125
10 0.3662109375 0.341796875 0.0595703125 0.140625
4 0.4375 0.275390625 0.033203125 0.056640625
4 0.2568359375 0.2119140625 0.03125 0.0390625
4 0.3798828125 0.2509765625 0.033203125 0.0439453125
0 0.25390625 0.3857421875 0.1328125 0.447265625
0 0.369140625 0.38671875 0.083984375 0.3564453125
0 0.44140625 0.400390625 0.0732421875 0.3330078125
4 0.544921875 0.228515625 0.041015625 0.0517578125
4 0.609375 0.26171875 0.046875 0.0625
10 0.25390625 0.341796875 0.0703125 0.1513671875
10 0.4345703125 0.353515625 0.056640625 0.125
10 0.498046875 0.37890625 0.0517578125 0.123046875
0 0.494140625 0.4091796875 0.072265625 0.296875
0 0.5498046875 0.390625 0.064453125 0.3779296875
0 0.6240234375 0.419921875 0.103515625 0.392578125
10 0.552734375 0.3349609375 0.064453125 0.134765625
10 0.6142578125 0.365234375 0.095703125 0.150390625
1 0.634765625 0.564453125 0.033203125 0.0732421875
1 0.5986328125 0.556640625 0.0341796875 0.0732421875
1 0.5625 0.537109375 0.0283203125 0.0625
1 0.537109375 0.53125 0.0341796875 0.0576171875