10 0.7265625 0.642578125 0.1064453125 0.095703125
0 0.412109375 0.482421875 0.080078125 0.171875
0 0.4677734375 0.310546875 0.080078125 0.171875
4 0.7578125 0.205078125 0.0595703125 0.037109375
4 0.3662109375 0.5888671875 0.041015625 0.0439453125
4 0.4150390625 0.4169921875 0.0595703125 0.03125
10 0.744140625 0.4541015625 0.0908203125 0.060546875
10 0.3603515625 0.625 0.064453125 0.0732421875
10 0.7392578125 0.2216796875 0.0048828125 0.005859375
4 0.720703125 0.408203125 0.0576171875 0.0390625
4 0.71875 0.5986328125 0.0673828125 0.0546875
10 0.4697265625 0.2724609375 0.0517578125 0.046875
10 0.7685546875 0.2412109375 0.0908203125 0.0576171875
10 0.4169921875 0.4638671875 0.060546875 0.078125
4 0.4658203125 0.2421875 0.044921875 0.0234375
0 0.7607421875 0.2568359375 0.080078125 0.171875
0 0.728515625 0.4697265625 0.080078125 0.171875
0 0.7021484375 0.666015625 0.111328125 0.205078125
0 0.357421875 0.650390625 0.080078125 0.1904296875