6 0.2783203125 0.623046875 0.078125 0.0810546875
6 0.1484375 0.7744140625 0.1064453125 0.0439453125
7 0.65234375 0.3349609375 0.1162109375 0.037109375
7 0.4765625 0.3349609375 0.1162109375 0.037109375
7 0.296875 0.361328125 0.1162109375 0.037109375
8 0.6904296875 0.2685546875 0.1376953125 0.1083984375
8 0.46875 0.248046875 0.1376953125 0.1083984375
0 0.26171875 0.517578125 0.328125 0.6416015625
9 0.29296875 0.4697265625 0.2412109375 0.2158203125
9 0.544921875 0.4873046875 0.2412109375 0.2158203125
8 0.27734375 0.2568359375 0.1376953125 0.1083984375
0 0.76953125 0.5439453125 0.3681640625 0.6591796875
0 0.515625 0.46484375 0.2685546875 0.5458984375
9 0.7509765625 0.6357421875 0.2412109375 0.328125
6 0.35546875 0.720703125 0.078125 0.0810546875
6 0.34375 0.66796875 0.078125 0.0810546875