8 0.7490234375 0.203125 0.111328125 0.095703125
7 0.728515625 0.22265625 0.0693359375 0.0302734375
6 0.455078125 0.3359375 0.06640625 0.08984375
6 0.7587890625 0.5078125 0.0673828125 0.0673828125
6 0.6796875 0.484375 0.04296875 0.080078125
1 0.40234375 0.873046875 0.115234375 0.1796875
1 0.7060546875 0.7265625 0.1220703125 0.08203125
1 0.3525390625 0.8623046875 0.09375 0.1494140625
9 0.7607421875 0.470703125 0.177734375 0.4521484375
9 0.3466796875 0.5908203125 0.337890625 0.4111328125
0 0.3349609375 0.5234375 0.353515625 0.5205078125
8 0.31640625 0.34765625 0.1611328125 0.134765625
0 0.736328125 0.455078125 0.2177734375 0.6162109375