0 0.482421875 0.576171875 0.1123046875 0.3798828125
4 0.1494140625 0.400390625 0.0419921875 0.029296875
4 0.2763671875 0.396484375 0.052734375 0.0390625
4 0.2294921875 0.419921875 0.03125 0.0263671875
4 0.484375 0.416015625 0.052734375 0.037109375
4 0.375 0.4130859375 0.0390625 0.033203125
4 0.60546875 0.3857421875 0.064453125 0.037109375
4 0.669921875 0.423828125 0.033203125 0.025390625
0 0.3837890625 0.5322265625 0.0751953125 0.291015625
0 0.1591796875 0.556640625 0.0703125 0.341796875
0 0.2919921875 0.5810546875 0.107421875 0.427734375
0 0.060546875 0.591796875 0.1201171875 0.4951171875
10 0.162109375 0.498046875 0.078125 0.1142578125
10 0.544921875 0.4814453125 0.0390625 0.060546875
10 0.6728515625 0.494140625 0.068359375 0.095703125
9 0.013671875 0.6513671875 0.02734375 0.044921875
10 0.3857421875 0.5107421875 0.052734375 0.1044921875
10 0.48046875 0.517578125 0.080078125 0.1279296875
10 0.6123046875 0.521484375 0.119140625 0.1220703125
9 0.125 0.6171875 0.048828125 0.0498046875
9 0.3466796875 0.603515625 0.044921875 0.0498046875
10 0.90625 0.5087890625 0.185546875 0.205078125
9 0.236328125 0.5966796875 0.0341796875 0.048828125
0 0.677734375 0.482421875 0.095703125 0.1435546875
9 0.4873046875 0.44140625 0.0439453125 0.0107421875
0 0.388671875 0.537109375 0.099609375 0.2783203125
9 0.6064453125 0.412109375 0.056640625 0.017578125
0 0.158203125 0.5439453125 0.1044921875 0.375
0 0.0654296875 0.5859375 0.130859375 0.4638671875
0 0.6142578125 0.5927734375 0.150390625 0.4814453125
0 0.486328125 0.5712890625 0.1220703125 0.380859375
0 0.291015625 0.57421875 0.1357421875 0.421875
0 0.8720703125 0.5595703125 0.255859375 0.662109375
0 0.8701171875 0.5498046875 0.2451171875 0.6591796875
0 0.6787109375 0.529296875 0.091796875 0.328125
0 0.6064453125 0.5966796875 0.1201171875 0.474609375
4 0.095703125 0.408203125 0.048828125 0.0341796875
9 0.7568359375 0.818359375 0.080078125 0.1279296875
4 0.857421875 0.2705078125 0.158203125 0.087890625
4 0.0380859375 0.384765625 0.0654296875 0.0419921875
10 0.064453125 0.525390625 0.1279296875 0.142578125
9 0.0400390625 0.4189453125 0.0576171875 0.0185546875
9 0.28125 0.423828125 0.037109375 0.015625
10 0.2900390625 0.5166015625 0.1015625 0.125