0 0.4873046875 0.583984375 0.095703125 0.3125
9 0.3857421875 0.556640625 0.046875 0.0283203125
9 0.517578125 0.5849609375 0.046875 0.0283203125
9 0.447265625 0.59375 0.046875 0.0283203125
4 0.486328125 0.4736328125 0.0390625 0.033203125
10 0.4833984375 0.54296875 0.064453125 0.0966796875
1 0.392578125 0.6982421875 0.068359375 0.0390625
1 0.486328125 0.6865234375 0.0517578125 0.0517578125
4 0.376953125 0.4765625 0.0390625 0.033203125
10 0.3828125 0.546875 0.064453125 0.0966796875
0 0.38671875 0.5791015625 0.111328125 0.3095703125