10 0.8759765625 0.5703125 0.2373046875 0.2265625
0 0.158203125 0.5517578125 0.248046875 0.5390625
4 0.54296875 0.4423828125 0.103515625 0.1279296875
4 0.1845703125 0.3134765625 0.1123046875 0.0751953125
4 0.7314453125 0.380859375 0.0576171875 0.0751953125
4 0.7802734375 0.404296875 0.111328125 0.078125
10 0.3359375 0.5126953125 0.2890625 0.197265625
9 0.513671875 0.4794921875 0.048828125 0.0546875
0 0.859375 0.568359375 0.28125 0.4423828125
10 0.5634765625 0.4541015625 0.3017578125 0.193359375
0 0.3916015625 0.6044921875 0.455078125 0.4658203125
10 0.1796875 0.533203125 0.1767578125 0.2998046875
9 0.189453125 0.369140625 0.0810546875 0.03125
9 0.708984375 0.435546875 0.0439453125 0.052734375
9 0.787109375 0.4599609375 0.103515625 0.044921875
2 0.5361328125 0.712890625 0.080078125 0.091796875
2 0.4609375 0.720703125 0.0703125 0.068359375
2 0.185546875 0.630859375 0.048828125 0.0673828125
2 0.0771484375 0.71875 0.060546875 0.0986328125