10 0.1484375 0.658203125 0.21875 0.232421875
10 0.185546875 0.5869140625 0.162109375 0.337890625
4 0.244140625 0.3193359375 0.0732421875 0.076171875
4 0.232421875 0.384765625 0.1669921875 0.15625
4 0.0927734375 0.47265625 0.107421875 0.1455078125
10 0.31640625 0.5927734375 0.181640625 0.349609375
10 0.48046875 0.58203125 0.1982421875 0.3076171875
10 0.5048828125 0.4443359375 0.1513671875 0.140625
10 0.775390625 0.5556640625 0.162109375 0.3779296875
1 0.783203125 0.7392578125 0.0625 0.0625
0 0.1259765625 0.58203125 0.1953125 0.416015625
0 0.20703125 0.447265625 0.181640625 0.279296875
0 0.3505859375 0.5546875 0.181640625 0.4375
0 0.5322265625 0.548828125 0.2294921875 0.3095703125
0 0.498046875 0.3759765625 0.146484375 0.1796875
0 0.7666015625 0.53515625 0.1435546875 0.4482421875
0 0.8603515625 0.4970703125 0.1796875 0.5576171875
0 0.6513671875 0.4482421875 0.0908203125 0.2841796875
4 0.3251953125 0.326171875 0.068359375 0.060546875
4 0.359375 0.3935546875 0.146484375 0.1220703125
4 0.5107421875 0.3369140625 0.107421875 0.083984375
4 0.59375 0.466796875 0.140625 0.1357421875
4 0.755859375 0.333984375 0.0810546875 0.072265625
4 0.9267578125 0.259765625 0.068359375 0.0732421875