0 0.7158203125 0.4931640625 0.29296875 0.9814453125
9 0.71875 0.6015625 0.2392578125 0.583984375
9 0.28515625 0.5947265625 0.2392578125 0.583984375
9 0.5634765625 0.5439453125 0.2392578125 0.583984375
8 0.376953125 0.13671875 0.1611328125 0.16796875
8 0.7451171875 0.087890625 0.1611328125 0.16796875
8 0.5751953125 0.02734375 0.1611328125 0.0546875
8 0.22265625 0.0224609375 0.1142578125 0.044921875
6 0.3447265625 0.7744140625 0.125 0.134765625
6 0.490234375 0.806640625 0.125 0.134765625
7 0.3720703125 0.2470703125 0.154296875 0.0927734375
0 0.3125 0.51953125 0.29296875 0.91796875
0 0.54296875 0.462890625 0.29296875 0.91796875
3 0.5712890625 0.0927734375 0.130859375 0.0458984375
3 0.216796875 0.0732421875 0.107421875 0.0478515625
3 0.70703125 0.21484375 0.140625 0.0654296875