3 0.611328125 0.455078125 0.0908203125 0.037109375
4 0.455078125 0.380859375 0.123046875 0.09375
2 0.701171875 0.642578125 0.0732421875 0.046875
4 0.6181640625 0.4130859375 0.123046875 0.09375
0 0.6552734375 0.6015625 0.267578125 0.494140625
0 0.38671875 0.58203125 0.267578125 0.494140625
9 0.38671875 0.533203125 0.228515625 0.236328125
9 0.625 0.5615234375 0.228515625 0.236328125
2 0.548828125 0.552734375 0.0625 0.017578125
2 0.529296875 0.5810546875 0.0732421875 0.046875
2 0.525390625 0.6357421875 0.0732421875 0.046875