0 0.8037109375 0.6181640625 0.205078125 0.34375
0 0.078125 0.5625 0.15625 0.3203125
0 0.8701171875 0.2119140625 0.1220703125 0.103515625
10 0.494140625 0.5205078125 0.130859375 0.205078125
10 0.0361328125 0.5419921875 0.072265625 0.1669921875
0 0.19921875 0.3212890625 0.1640625 0.236328125
10 0.1962890625 0.2890625 0.0888671875 0.1328125
10 0.8681640625 0.185546875 0.056640625 0.0439453125
0 0.5087890625 0.5478515625 0.234375 0.4375
10 0.80859375 0.634765625 0.1875 0.1875
10 0.685546875 0.1884765625 0.0576171875 0.0517578125
0 0.681640625 0.2197265625 0.0908203125 0.111328125