8 0.267578125 0.2890625 0.166015625 0.1669921875
8 0.1484375 0.4013671875 0.296875 0.283203125
7 0.28515625 0.30078125 0.103515625 0.07421875
7 0.4287109375 0.296875 0.078125 0.046875
7 0.236328125 0.42578125 0.1162109375 0.0546875
8 0.4091796875 0.28125 0.1083984375 0.1103515625
8 0.884765625 0.396484375 0.2294921875 0.263671875
0 0.185546875 0.5322265625 0.3662109375 0.6064453125
6 0.466796875 0.435546875 0.0712890625 0.064453125
6 0.39453125 0.515625 0.138671875 0.078125
0 0.279296875 0.365234375 0.337890625 0.3994140625
6 0.74609375 0.5908203125 0.197265625 0.125
6 0.71484375 0.6591796875 0.1103515625 0.1064453125
0 0.80078125 0.5478515625 0.3984375 0.6357421875
0 0.41796875 0.32421875 0.2470703125 0.3203125
3 0.8388671875 0.435546875 0.14453125 0.0830078125
9 0.169921875 0.5927734375 0.3134765625 0.4677734375