5 0.64453125 0.796875 0.0966796875 0.0810546875
5 0.7265625 0.794921875 0.0966796875 0.0810546875
5 0.904296875 0.791015625 0.0966796875 0.0810546875
5 0.37109375 0.78515625 0.0966796875 0.0810546875
9 0.6650390625 0.392578125 0.177734375 0.1904296875
9 0.216796875 0.4150390625 0.2099609375 0.1865234375
5 0.1845703125 0.791015625 0.0966796875 0.0810546875
0 0.7822265625 0.4609375 0.435546875 0.65625
0 0.732421875 0.5283203125 0.4384765625 0.65625
0 0.2275390625 0.513671875 0.4384765625 0.65625
7 0.67578125 0.2216796875 0.068359375 0.0234375
7 0.685546875 0.3271484375 0.068359375 0.0234375
7 0.2041015625 0.255859375 0.068359375 0.0234375
8 0.685546875 0.279296875 0.0927734375 0.0478515625
8 0.6796875 0.177734375 0.0927734375 0.0478515625
8 0.1796875 0.2158203125 0.0927734375 0.0478515625
6 0.5693359375 0.251953125 0.068359375 0.068359375
6 0.8271484375 0.453125 0.068359375 0.068359375
6 0.4990234375 0.30078125 0.068359375 0.068359375
6 0.388671875 0.517578125 0.068359375 0.068359375
6 0.046875 0.404296875 0.068359375 0.068359375