7 0.4404296875 0.287109375 0.0810546875 0.02734375
7 0.740234375 0.2783203125 0.07421875 0.0439453125
0 0.349609375 0.5224609375 0.4814453125 0.69140625
0 0.748046875 0.498046875 0.4248046875 0.765625
8 0.45703125 0.259765625 0.1279296875 0.1064453125
8 0.7529296875 0.25 0.11328125 0.1162109375
2 0.529296875 0.76171875 0.1142578125 0.1826171875
2 0.8046875 0.3623046875 0.119140625 0.140625
2 0.5986328125 0.728515625 0.0849609375 0.1669921875
9 0.3681640625 0.5576171875 0.4853515625 0.49609375
9 0.7265625 0.5439453125 0.404296875 0.4306640625
2 0.18359375 0.41015625 0.1259765625 0.1962890625