0 0.42578125 0.392578125 0.0654296875 0.2470703125
10 0.529296875 0.3486328125 0.0625 0.111328125
10 0.498046875 0.3447265625 0.078125 0.111328125
10 0.4248046875 0.365234375 0.0888671875 0.1123046875
10 0.357421875 0.341796875 0.0517578125 0.0830078125
10 0.263671875 0.693359375 0.275390625 0.6064453125
0 0.3955078125 0.5302734375 0.556640625 0.884765625
0 0.3583984375 0.357421875 0.0673828125 0.212890625
0 0.509765625 0.38671875 0.076171875 0.2548828125
0 0.677734375 0.3701171875 0.125 0.2265625
10 0.677734375 0.3369140625 0.0810546875 0.1220703125
4 0.220703125 0.240234375 0.2001953125 0.287109375
4 0.361328125 0.2880859375 0.048828125 0.033203125
4 0.4296875 0.294921875 0.052734375 0.0498046875
4 0.435546875 0.287109375 0.046875 0.0517578125
4 0.4765625 0.2978515625 0.0341796875 0.046875
4 0.509765625 0.271484375 0.044921875 0.0498046875
4 0.525390625 0.2919921875 0.0498046875 0.0517578125