10 0.388671875 0.51953125 0.1455078125 0.216796875
1 0.22265625 0.6611328125 0.0830078125 0.0625
1 0.40234375 0.736328125 0.1220703125 0.072265625
1 0.275390625 0.7294921875 0.0966796875 0.0654296875
2 0.4716796875 0.5751953125 0.056640625 0.09375
2 0.470703125 0.591796875 0.0625 0.056640625
2 0.3232421875 0.5908203125 0.072265625 0.0908203125
4 0.4638671875 0.4306640625 0.083984375 0.099609375
4 0.373046875 0.373046875 0.0908203125 0.0576171875
4 0.2255859375 0.3818359375 0.0625 0.0576171875
10 0.3037109375 0.505859375 0.1142578125 0.2236328125
10 0.2265625 0.490234375 0.111328125 0.1533203125
0 0.244140625 0.5439453125 0.1513671875 0.4453125
0 0.330078125 0.5439453125 0.201171875 0.4453125
0 0.419921875 0.5732421875 0.3154296875 0.384765625