0 0.85546875 0.4501953125 0.2890625 0.603515625
1 0.830078125 0.658203125 0.0576171875 0.0732421875
1 0.740234375 0.626953125 0.0576171875 0.0732421875
1 0.66796875 0.6640625 0.0576171875 0.0732421875
1 0.3603515625 0.880859375 0.095703125 0.0830078125
1 0.4189453125 0.8544921875 0.0576171875 0.0732421875
10 0.359375 0.4365234375 0.125 0.240234375
10 0.486328125 0.349609375 0.1123046875 0.2236328125
10 0.435546875 0.40625 0.205078125 0.3173828125
10 0.599609375 0.3671875 0.205078125 0.3173828125
10 0.8369140625 0.427734375 0.205078125 0.3173828125
10 0.291015625 0.501953125 0.205078125 0.3173828125
4 0.36328125 0.193359375 0.078125 0.111328125
4 0.3056640625 0.26953125 0.068359375 0.080078125
4 0.439453125 0.2060546875 0.068359375 0.080078125
4 0.771484375 0.2177734375 0.0830078125 0.080078125
4 0.53125 0.2021484375 0.068359375 0.080078125
4 0.2099609375 0.2900390625 0.068359375 0.080078125
3 0.775390625 0.2587890625 0.083984375 0.0390625
10 0.111328125 0.505859375 0.22265625 0.31640625
2 0.232421875 0.615234375 0.048828125 0.064453125
1 0.6552734375 0.7421875 0.0546875 0.0673828125
1 0.576171875 0.77734375 0.044921875 0.064453125
1 0.505859375 0.8154296875 0.0576171875 0.0732421875
0 0.625 0.4599609375 0.291015625 0.623046875
2 0.12890625 0.69921875 0.0732421875 0.1064453125
4 0.0263671875 0.259765625 0.052734375 0.080078125
0 0.349609375 0.5693359375 0.365234375 0.677734375
0 0.201171875 0.5986328125 0.40234375 0.802734375