0 0.466796875 0.5673828125 0.15625 0.4560546875
10 0.21484375 0.568359375 0.2421875 0.326171875
0 0.7822265625 0.49609375 0.349609375 0.5361328125
0 0.587890625 0.466796875 0.0859375 0.1953125
0 0.220703125 0.529296875 0.318359375 0.5830078125
4 0.392578125 0.6103515625 0.169921875 0.109375
4 0.2333984375 0.3173828125 0.197265625 0.103515625
4 0.494140625 0.400390625 0.0966796875 0.076171875
10 0.4736328125 0.5712890625 0.134765625 0.236328125
10 0.576171875 0.5478515625 0.1015625 0.1611328125
4 0.720703125 0.30078125 0.1767578125 0.095703125
4 0.5810546875 0.4091796875 0.0654296875 0.060546875