1 0.369140625 0.685546875 0.044921875 0.091796875
4 0.36328125 0.3798828125 0.0576171875 0.056640625
4 0.568359375 0.3955078125 0.041015625 0.041015625
0 0.466796875 0.53515625 0.1455078125 0.9189453125
0 0.6455078125 0.623046875 0.1796875 0.7529296875
4 0.251953125 0.3837890625 0.044921875 0.0390625
0 0.244140625 0.541015625 0.1435546875 0.4423828125
0 0.369140625 0.5400390625 0.1142578125 0.4140625
1 0.6796875 0.8828125 0.0986328125 0.15625
1 0.6044921875 0.8984375 0.046875 0.109375
1 0.4228515625 0.9677734375 0.103515625 0.0595703125
10 0.2509765625 0.5107421875 0.080078125 0.1669921875
10 0.3828125 0.505859375 0.064453125 0.1513671875
10 0.4521484375 0.4189453125 0.1044921875 0.3935546875
10 0.642578125 0.4873046875 0.125 0.271484375
1 0.224609375 0.712890625 0.0625 0.056640625
1 0.2802734375 0.6845703125 0.0498046875 0.072265625
1 0.4931640625 0.90625 0.103515625 0.091796875