10 0.5234375 0.822265625 0.0888671875 0.1220703125
0 0.5302734375 0.869140625 0.142578125 0.2314453125
0 0.4775390625 0.908203125 0.228515625 0.1748046875
10 0.6064453125 0.541015625 0.111328125 0.095703125
4 0.5234375 0.76171875 0.0625 0.0517578125
10 0.4287109375 0.435546875 0.072265625 0.095703125
4 0.556640625 0.501953125 0.0517578125 0.0517578125
10 0.447265625 0.9091796875 0.0908203125 0.103515625
4 0.466796875 0.3828125 0.0517578125 0.0654296875
0 0.603515625 0.5517578125 0.1513671875 0.2470703125
0 0.4384765625 0.4892578125 0.130859375 0.3251953125