0 0.548828125 0.615234375 0.181640625 0.6044921875
0 0.7783203125 0.681640625 0.1298828125 0.443359375
0 0.8466796875 0.61328125 0.251953125 0.6298828125
9 0.8828125 0.505859375 0.232421875 0.2451171875
9 0.1015625 0.5107421875 0.181640625 0.2861328125
1 0.8759765625 0.86328125 0.0966796875 0.0732421875
1 0.802734375 0.837890625 0.046875 0.125
1 0.7724609375 0.814453125 0.056640625 0.138671875
1 0.701171875 0.818359375 0.068359375 0.173828125
1 0.6689453125 0.822265625 0.068359375 0.1689453125
1 0.5703125 0.8251953125 0.0546875 0.177734375
1 0.5283203125 0.826171875 0.0859375 0.1953125
1 0.4189453125 0.876953125 0.0625 0.0576171875
1 0.3876953125 0.8818359375 0.107421875 0.0625
1 0.271484375 0.884765625 0.0966796875 0.0732421875
1 0.232421875 0.908203125 0.0888671875 0.0625
1 0.134765625 0.9111328125 0.056640625 0.0732421875
1 0.083984375 0.9130859375 0.0654296875 0.078125
10 0.775390625 0.640625 0.158203125 0.234375
10 0.685546875 0.5517578125 0.203125 0.2734375
10 0.533203125 0.501953125 0.1875 0.251953125
10 0.376953125 0.5498046875 0.197265625 0.302734375
10 0.2333984375 0.587890625 0.181640625 0.2763671875
3 0.2470703125 0.4267578125 0.078125 0.0390625
1 0.927734375 0.873046875 0.0908203125 0.083984375
0 0.0927734375 0.6171875 0.150390625 0.6875
0 0.2333984375 0.666015625 0.1767578125 0.5625
0 0.37109375 0.63671875 0.193359375 0.578125
0 0.671875 0.634765625 0.1435546875 0.541015625