0 0.9423828125 0.5556640625 0.115234375 0.240234375
0 0.841796875 0.564453125 0.205078125 0.287109375
0 0.625 0.5595703125 0.1337890625 0.2265625
0 0.513671875 0.5947265625 0.2763671875 0.328125
0 0.197265625 0.63671875 0.328125 0.4462890625
6 0.9658203125 0.6259765625 0.064453125 0.0830078125
8 0.9326171875 0.4638671875 0.076171875 0.0830078125
8 0.859375 0.4677734375 0.11328125 0.09375
8 0.6171875 0.4833984375 0.1015625 0.0537109375
8 0.490234375 0.4619140625 0.12109375 0.0908203125
8 0.162109375 0.5 0.16015625 0.1083984375
3 0.8623046875 0.513671875 0.1220703125 0.0771484375
3 0.1865234375 0.5205078125 0.103515625 0.0439453125
9 0.91015625 0.5712890625 0.1787109375 0.3046875
9 0.8515625 0.5625 0.271484375 0.298828125
9 0.5400390625 0.6171875 0.359375 0.2646484375
9 0.2275390625 0.6884765625 0.365234375 0.30859375
6 0.673828125 0.5859375 0.0810546875 0.103515625
6 0.8212890625 0.6494140625 0.0810546875 0.08203125
6 0.318359375 0.6845703125 0.09375 0.1005859375
3 0.9267578125 0.48046875 0.103515625 0.0361328125
3 0.52734375 0.494140625 0.0869140625 0.0478515625