8 0.744140625 0.328125 0.216796875 0.2314453125
9 0.7451171875 0.61328125 0.3681640625 0.4541015625
9 0.47265625 0.5419921875 0.2021484375 0.291015625
9 0.19140625 0.591796875 0.3603515625 0.4521484375
0 0.234375 0.5087890625 0.458984375 0.662109375
0 0.494140625 0.529296875 0.294921875 0.5126953125
0 0.736328125 0.52734375 0.494140625 0.642578125
8 0.224609375 0.3173828125 0.2236328125 0.2578125
8 0.5078125 0.34375 0.1142578125 0.158203125
7 0.265625 0.3017578125 0.1357421875 0.076171875
7 0.513671875 0.35546875 0.1083984375 0.0673828125
7 0.724609375 0.3095703125 0.177734375 0.0908203125
6 0.3984375 0.6787109375 0.1298828125 0.1318359375
6 0.525390625 0.6923828125 0.123046875 0.1298828125
6 0.6875 0.7109375 0.17578125 0.109375