7 0.716796875 0.244140625 0.087890625 0.03125
7 0.4833984375 0.1357421875 0.087890625 0.03125
8 0.1474609375 0.4423828125 0.154296875 0.0908203125
8 0.748046875 0.1796875 0.154296875 0.0908203125
8 0.447265625 0.078125 0.154296875 0.0908203125
0 0.1650390625 0.72265625 0.1357421875 0.5537109375
6 0.1875 0.7158203125 0.0791015625 0.083984375
6 0.10546875 0.66015625 0.0791015625 0.083984375
9 0.3720703125 0.443359375 0.2685546875 0.4873046875
6 0.6328125 0.490234375 0.0791015625 0.083984375
6 0.546875 0.484375 0.0791015625 0.083984375
6 0.51953125 0.56640625 0.0791015625 0.083984375
7 0.1552734375 0.498046875 0.087890625 0.03125
9 0.759765625 0.517578125 0.28125 0.3955078125
0 0.7529296875 0.572265625 0.3017578125 0.837890625
0 0.3955078125 0.513671875 0.3154296875 0.9658203125
9 0.1650390625 0.6875 0.123046875 0.27734375