1 0.5625 0.8349609375 0.1123046875 0.0859375
10 0.544921875 0.4638671875 0.2705078125 0.265625
4 0.537109375 0.2666015625 0.130859375 0.099609375
1 0.5078125 0.79296875 0.052734375 0.041015625
0 0.548828125 0.552734375 0.3203125 0.7451171875
10 0.533203125 0.451171875 0.236328125 0.248046875
1 0.552734375 0.8427734375 0.083984375 0.0673828125
1 0.505859375 0.783203125 0.052734375 0.0673828125
2 0.419921875 0.5849609375 0.0595703125 0.0966796875
2 0.6650390625 0.5458984375 0.0595703125 0.072265625
2 0.423828125 0.58203125 0.080078125 0.125
2 0.6630859375 0.541015625 0.076171875 0.078125
4 0.5380859375 0.25390625 0.123046875 0.080078125