6 0.568359375 0.3740234375 0.115234375 0.1162109375
9 0.1103515625 0.482421875 0.158203125 0.1875
9 0.3759765625 0.5322265625 0.2197265625 0.3359375
9 0.7021484375 0.546875 0.3486328125 0.3798828125
4 0.076171875 0.32421875 0.123046875 0.064453125
4 0.3671875 0.2880859375 0.1435546875 0.1455078125
4 0.71875 0.28125 0.1806640625 0.1513671875
0 0.72265625 0.5087890625 0.4609375 0.658203125
0 0.3486328125 0.51171875 0.40234375 0.634765625
0 0.10546875 0.4423828125 0.2080078125 0.3740234375
6 0.234375 0.34765625 0.1318359375 0.123046875
7 0.333984375 0.296875 0.0927734375 0.05859375
7 0.681640625 0.30078125 0.1083984375 0.0693359375
6 0.32421875 0.515625 0.09765625 0.0869140625
6 0.7490234375 0.6103515625 0.1083984375 0.095703125