10 0.5087890625 0.474609375 0.2421875 0.1904296875
1 0.8291015625 0.494140625 0.0732421875 0.068359375
0 0.6064453125 0.4873046875 0.689453125 0.3046875
1 0.830078125 0.4921875 0.0654296875 0.0703125
2 0.62109375 0.595703125 0.091796875 0.0673828125
2 0.603515625 0.365234375 0.0908203125 0.052734375
1 0.8681640625 0.427734375 0.0673828125 0.076171875
10 0.49609375 0.478515625 0.228515625 0.173828125
4 0.3154296875 0.482421875 0.0732421875 0.115234375
2 0.6259765625 0.5986328125 0.103515625 0.080078125
2 0.603515625 0.3623046875 0.078125 0.0673828125
4 0.3251953125 0.4853515625 0.068359375 0.1171875
1 0.87109375 0.4296875 0.080078125 0.083984375