1 0.1689453125 0.6708984375 0.0439453125 0.0341796875
1 0.716796875 0.6953125 0.0888671875 0.044921875
0 0.5625 0.482421875 0.2392578125 0.572265625
10 0.3876953125 0.544921875 0.1123046875 0.064453125
10 0.462890625 0.443359375 0.1064453125 0.142578125
1 0.62109375 0.6787109375 0.0595703125 0.0341796875
1 0.3251953125 0.66796875 0.0439453125 0.0341796875
1 0.126953125 0.6337890625 0.0439453125 0.0595703125
1 0.5830078125 0.7734375 0.0888671875 0.044921875
1 0.4619140625 0.736328125 0.076171875 0.068359375
10 0.3525390625 0.4306640625 0.1064453125 0.142578125
4 0.5888671875 0.263671875 0.0908203125 0.0654296875
4 0.486328125 0.333984375 0.0595703125 0.0390625
4 0.4560546875 0.3505859375 0.060546875 0.0498046875
4 0.12890625 0.330078125 0.068359375 0.048828125
4 0.369140625 0.3359375 0.0908203125 0.0654296875
0 0.13671875 0.501953125 0.154296875 0.412109375
0 0.337890625 0.48828125 0.1220703125 0.3564453125
0 0.4619140625 0.4248046875 0.1123046875 0.2138671875
0 0.65625 0.494140625 0.1748046875 0.439453125
9 0.544921875 0.4775390625 0.1484375 0.2861328125
9 0.1240234375 0.498046875 0.1484375 0.2861328125
9 0.6552734375 0.4072265625 0.09375 0.1904296875
9 0.072265625 0.533203125 0.052734375 0.0361328125
9 0.1943359375 0.51953125 0.052734375 0.0361328125
9 0.6748046875 0.5009765625 0.052734375 0.0361328125
9 0.4716796875 0.5556640625 0.052734375 0.0498046875