9 0.6728515625 0.63671875 0.0546875 0.0888671875
4 0.2802734375 0.3583984375 0.125 0.099609375
10 0.2158203125 0.57421875 0.1923828125 0.322265625
4 0.46875 0.427734375 0.103515625 0.0654296875
4 0.607421875 0.3798828125 0.0908203125 0.064453125
4 0.794921875 0.4013671875 0.1064453125 0.0595703125
10 0.4404296875 0.630859375 0.1748046875 0.271484375
10 0.6259765625 0.5791015625 0.203125 0.263671875
10 0.837890625 0.6171875 0.1826171875 0.283203125
9 0.2841796875 0.5634765625 0.0888671875 0.087890625
9 0.47265625 0.5986328125 0.087890625 0.076171875
9 0.521484375 0.6591796875 0.076171875 0.0595703125
9 0.5859375 0.6279296875 0.064453125 0.076171875
9 0.779296875 0.7861328125 0.0595703125 0.109375
9 0.9482421875 0.763671875 0.0595703125 0.109375
0 0.2275390625 0.572265625 0.267578125 0.494140625
0 0.478515625 0.599609375 0.267578125 0.494140625
0 0.640625 0.5771484375 0.267578125 0.494140625
0 0.853515625 0.591796875 0.267578125 0.494140625