4 0.951171875 0.166015625 0.091796875 0.1064453125
10 0.8369140625 0.2431640625 0.095703125 0.2421875
10 0.6376953125 0.6943359375 0.2861328125 0.34375
10 0.345703125 0.6484375 0.134765625 0.3203125
10 0.2734375 0.3564453125 0.1220703125 0.3125
10 0.212890625 0.275390625 0.0908203125 0.251953125
4 0.7919921875 0.4033203125 0.150390625 0.2265625
4 0.8466796875 0.6728515625 0.123046875 0.251953125
4 0.4208984375 0.478515625 0.0859375 0.125
4 0.3447265625 0.412109375 0.1064453125 0.0859375
4 0.6875 0.0947265625 0.076171875 0.0830078125
4 0.2978515625 0.1376953125 0.095703125 0.123046875
4 0.1904296875 0.0947265625 0.078125 0.078125
0 0.947265625 0.2646484375 0.09375 0.3154296875
0 0.8369140625 0.1640625 0.1279296875 0.251953125
0 0.8564453125 0.427734375 0.287109375 0.3154296875
0 0.701171875 0.26171875 0.162109375 0.4423828125
0 0.1865234375 0.1650390625 0.1328125 0.2294921875
0 0.2822265625 0.34765625 0.150390625 0.556640625
0 0.3955078125 0.642578125 0.234375 0.4296875
0 0.6982421875 0.7001953125 0.3955078125 0.4091796875