0 0.951171875 0.4384765625 0.0966796875 0.3876953125
4 0.9609375 0.283203125 0.078125 0.0673828125
4 0.6435546875 0.458984375 0.0283203125 0.0439453125
10 0.455078125 0.318359375 0.138671875 0.2294921875
10 0.671875 0.453125 0.072265625 0.044921875
10 0.783203125 0.427734375 0.0859375 0.080078125
10 0.9658203125 0.373046875 0.068359375 0.1435546875
4 0.4775390625 0.1904296875 0.083984375 0.068359375
4 0.7734375 0.3828125 0.0498046875 0.0390625
0 0.451171875 0.373046875 0.2529296875 0.466796875
0 0.6689453125 0.46875 0.0830078125 0.095703125
0 0.77734375 0.435546875 0.119140625 0.1669921875