4 0.177734375 0.4130859375 0.0830078125 0.078125
4 0.369140625 0.365234375 0.087890625 0.099609375
4 0.525390625 0.212890625 0.0888671875 0.078125
4 0.6494140625 0.22265625 0.078125 0.0830078125
1 0.779296875 0.927734375 0.087890625 0.087890625
10 0.7294921875 0.45703125 0.1484375 0.2919921875
10 0.607421875 0.443359375 0.171875 0.2998046875
10 0.2265625 0.623046875 0.171875 0.2939453125
10 0.443359375 0.6044921875 0.1923828125 0.3017578125
2 0.6884765625 0.4873046875 0.064453125 0.080078125
0 0.287109375 0.677734375 0.3876953125 0.640625
0 0.4833984375 0.6484375 0.375 0.6904296875
0 0.6572265625 0.5703125 0.3798828125 0.8125
0 0.767578125 0.53125 0.376953125 0.7626953125