3 0.2333984375 0.455078125 0.0830078125 0.025390625
3 0.724609375 0.384765625 0.0869140625 0.0263671875
9 0.7490234375 0.6220703125 0.203125 0.3359375
9 0.5166015625 0.625 0.1630859375 0.2802734375
9 0.2236328125 0.6552734375 0.2099609375 0.2509765625
6 0.3642578125 0.681640625 0.0654296875 0.04296875
6 0.4267578125 0.6826171875 0.0654296875 0.04296875
6 0.4013671875 0.634765625 0.0654296875 0.04296875
7 0.52734375 0.4375 0.068359375 0.0234375
8 0.224609375 0.404296875 0.0966796875 0.0517578125
8 0.5302734375 0.390625 0.0966796875 0.0517578125
8 0.72265625 0.3349609375 0.0966796875 0.0517578125
0 0.240234375 0.6083984375 0.3046875 0.455078125
0 0.779296875 0.5810546875 0.3046875 0.5078125
0 0.5478515625 0.5966796875 0.3046875 0.455078125