0 0.876953125 0.5791015625 0.1279296875 0.3994140625
9 0.861328125 0.5458984375 0.1796875 0.2255859375
9 0.14453125 0.548828125 0.1640625 0.2060546875
9 0.265625 0.5712890625 0.1533203125 0.2685546875
9 0.66796875 0.529296875 0.1943359375 0.4873046875
9 0.4189453125 0.4638671875 0.23828125 0.3359375
1 0.380859375 0.7958984375 0.0498046875 0.1083984375
6 0.771484375 0.544921875 0.0693359375 0.0791015625
6 0.337890625 0.5498046875 0.046875 0.0791015625
7 0.671875 0.2392578125 0.0498046875 0.0322265625
8 0.392578125 0.248046875 0.09375 0.0888671875
8 0.6767578125 0.2255859375 0.0888671875 0.1044921875
7 0.40234375 0.2529296875 0.07421875 0.0244140625
0 0.6640625 0.5234375 0.2119140625 0.6748046875
0 0.166015625 0.5947265625 0.1923828125 0.3974609375
0 0.41015625 0.521484375 0.2666015625 0.6640625
9 0.953125 0.5390625 0.09375 0.2900390625
5 0.646484375 0.83203125 0.0517578125 0.0908203125
5 0.724609375 0.802734375 0.091796875 0.1015625
1 0.4521484375 0.779296875 0.083984375 0.1083984375