4 0.7705078125 0.2490234375 0.15625 0.134765625
0 0.8828125 0.494140625 0.234375 0.640625
0 0.8232421875 0.486328125 0.2998046875 0.6279296875
0 0.646484375 0.587890625 0.3486328125 0.4326171875
0 0.583984375 0.58203125 0.236328125 0.4765625
10 0.923828125 0.564453125 0.142578125 0.482421875
4 0.5302734375 0.4404296875 0.125 0.1279296875
4 0.5615234375 0.453125 0.1357421875 0.1357421875
4 0.884765625 0.2294921875 0.1767578125 0.095703125
10 0.5625 0.6015625 0.173828125 0.224609375
10 0.697265625 0.5751953125 0.291015625 0.3359375
10 0.833984375 0.5234375 0.2314453125 0.416015625