1 0.05859375 0.7783203125 0.0732421875 0.0390625
0 0.578125 0.458984375 0.0654296875 0.2138671875
0 0.21875 0.5771484375 0.1220703125 0.236328125
4 0.66796875 0.412109375 0.076171875 0.078125
4 0.58984375 0.3984375 0.0576171875 0.0546875
4 0.5361328125 0.3671875 0.072265625 0.0654296875
4 0.4892578125 0.384765625 0.0859375 0.072265625
4 0.291015625 0.4130859375 0.0546875 0.060546875
4 0.1904296875 0.521484375 0.068359375 0.048828125
10 0.283203125 0.5146484375 0.0732421875 0.1298828125
10 0.2021484375 0.5986328125 0.091796875 0.140625
10 0.0986328125 0.529296875 0.123046875 0.123046875
10 0.6552734375 0.525390625 0.1513671875 0.169921875
10 0.5654296875 0.4951171875 0.083984375 0.1513671875
10 0.4794921875 0.5234375 0.130859375 0.173828125
0 0.1005859375 0.6337890625 0.1640625 0.3876953125
0 0.48046875 0.611328125 0.1171875 0.525390625
0 0.716796875 0.611328125 0.212890625 0.458984375
1 0.6650390625 0.8193359375 0.060546875 0.0654296875
1 0.541015625 0.7578125 0.0859375 0.0625
1 0.5341796875 0.7890625 0.060546875 0.0341796875
1 0.494140625 0.8369140625 0.0517578125 0.0732421875
1 0.435546875 0.8330078125 0.0546875 0.0654296875
1 0.287109375 0.755859375 0.041015625 0.072265625
1 0.142578125 0.7685546875 0.068359375 0.044921875