4 0.537109375 0.255859375 0.056640625 0.080078125
4 0.474609375 0.224609375 0.0703125 0.1123046875
0 0.3056640625 0.533203125 0.1533203125 0.642578125
10 0.3955078125 0.4013671875 0.0673828125 0.197265625
10 0.318359375 0.447265625 0.1357421875 0.2607421875
1 0.6142578125 0.697265625 0.044921875 0.111328125
1 0.548828125 0.6875 0.037109375 0.119140625
1 0.50390625 0.744140625 0.0595703125 0.123046875
1 0.4345703125 0.751953125 0.0517578125 0.1376953125
1 0.3603515625 0.736328125 0.0673828125 0.1611328125
1 0.2783203125 0.734375 0.064453125 0.1640625
1 0.216796875 0.751953125 0.078125 0.1455078125
1 0.13671875 0.810546875 0.078125 0.1640625
10 0.767578125 0.5810546875 0.1171875 0.28125
10 0.59765625 0.4384765625 0.095703125 0.234375
10 0.173828125 0.376953125 0.1435546875 0.2939453125
4 0.7880859375 0.3857421875 0.080078125 0.1171875
10 0.4794921875 0.4130859375 0.1123046875 0.2548828125
0 0.466796875 0.4990234375 0.1533203125 0.6845703125
0 0.7734375 0.615234375 0.115234375 0.638671875
0 0.1708984375 0.5009765625 0.205078125 0.8798828125
4 0.171875 0.1435546875 0.0830078125 0.111328125
4 0.314453125 0.248046875 0.0625 0.080078125
4 0.4013671875 0.263671875 0.056640625 0.0576171875
4 0.6044921875 0.2900390625 0.0595703125 0.0908203125