4 0.1298828125 0.322265625 0.1220703125 0.1171875
4 0.3173828125 0.29296875 0.158203125 0.158203125
4 0.4892578125 0.376953125 0.1123046875 0.09375
4 0.6982421875 0.357421875 0.1484375 0.1435546875
10 0.462890625 0.572265625 0.177734375 0.275390625
10 0.6513671875 0.5341796875 0.125 0.2763671875
0 0.4716796875 0.603515625 0.201171875 0.537109375
0 0.7490234375 0.57421875 0.2451171875 0.6015625
9 0.259765625 0.6181640625 0.2158203125 0.458984375
9 0.1318359375 0.5654296875 0.0888671875 0.3095703125
9 0.767578125 0.607421875 0.1953125 0.34375
0 0.28125 0.541015625 0.2294921875 0.6748046875
0 0.1259765625 0.501953125 0.1376953125 0.5263671875