9 0.33203125 0.5751953125 0.30078125 0.3427734375
9 0.8720703125 0.552734375 0.1171875 0.1962890625
9 0.642578125 0.515625 0.1171875 0.181640625
0 0.888671875 0.580078125 0.201171875 0.47265625
0 0.646484375 0.580078125 0.208984375 0.43359375
0 0.3271484375 0.52734375 0.3662109375 0.5732421875
6 0.9287109375 0.6201171875 0.0478515625 0.0732421875
6 0.6728515625 0.4716796875 0.041015625 0.05859375
6 0.724609375 0.4716796875 0.0166015625 0.0517578125
6 0.5244140625 0.5419921875 0.0732421875 0.095703125
6 0.337890625 0.54296875 0.080078125 0.0927734375
7 0.9140625 0.4169921875 0.0224609375 0.0244140625
7 0.646484375 0.419921875 0.0458984375 0.01953125
7 0.3544921875 0.341796875 0.0927734375 0.0439453125
8 0.892578125 0.40234375 0.080078125 0.078125
8 0.642578125 0.40234375 0.060546875 0.0732421875
8 0.3330078125 0.3095703125 0.1728515625 0.1279296875