2 0.8310546875 0.8232421875 0.115234375 0.125
10 0.5361328125 0.5341796875 0.2451171875 0.396484375
0 0.3759765625 0.6142578125 0.564453125 0.771484375
2 0.5517578125 0.826171875 0.107421875 0.138671875
10 0.810546875 0.4619140625 0.3466796875 0.5419921875
3 0.123046875 0.408203125 0.119140625 0.0439453125
3 0.2158203125 0.3984375 0.119140625 0.0439453125
4 0.181640625 0.318359375 0.158203125 0.134765625
3 0.578125 0.150390625 0.1142578125 0.1015625
4 0.4296875 0.1923828125 0.1748046875 0.1689453125
4 0.53125 0.09765625 0.158203125 0.185546875
0 0.244140625 0.6240234375 0.48828125 0.751953125
3 0.4658203125 0.294921875 0.119140625 0.0439453125
0 0.71875 0.4931640625 0.5625 0.986328125
0 0.58984375 0.5458984375 0.578125 0.90625
4 0.0791015625 0.333984375 0.158203125 0.134765625