7 0.46484375 0.349609375 0.0654296875 0.0234375
7 0.564453125 0.2822265625 0.0654296875 0.0234375
7 0.7587890625 0.2353515625 0.0654296875 0.0234375
6 0.46875 0.5712890625 0.09375 0.0673828125
6 0.63671875 0.52734375 0.09375 0.0673828125
6 0.654296875 0.5771484375 0.09375 0.0673828125
0 0.18359375 0.5576171875 0.294921875 0.55078125
0 0.494140625 0.5625 0.294921875 0.55078125
0 0.59375 0.4130859375 0.2099609375 0.3896484375
0 0.7734375 0.3525390625 0.109375 0.3076171875
9 0.197265625 0.4990234375 0.1953125 0.240234375
9 0.763671875 0.33203125 0.083984375 0.1533203125
9 0.447265625 0.515625 0.1494140625 0.2255859375
9 0.59375 0.4365234375 0.177734375 0.23828125
8 0.255859375 0.30859375 0.091796875 0.0712890625
8 0.4365234375 0.296875 0.091796875 0.0712890625
8 0.5546875 0.2431640625 0.091796875 0.0712890625
8 0.759765625 0.2177734375 0.091796875 0.0712890625
8 0.3095703125 0.2177734375 0.091796875 0.0712890625
7 0.314453125 0.26171875 0.0654296875 0.0234375