1 0.8740234375 0.7109375 0.138671875 0.1005859375
9 0.162109375 0.376953125 0.3134765625 0.2666015625
9 0.7978515625 0.451171875 0.22265625 0.2763671875
1 0.09765625 0.779296875 0.140625 0.1328125
8 0.1240234375 0.22265625 0.103515625 0.076171875
8 0.828125 0.2998046875 0.1064453125 0.068359375
7 0.1240234375 0.2529296875 0.0498046875 0.0439453125
7 0.828125 0.3212890625 0.0419921875 0.0361328125
6 0.1201171875 0.361328125 0.0615234375 0.0615234375
6 0.74609375 0.5068359375 0.0498046875 0.068359375
6 0.271484375 0.443359375 0.0595703125 0.05859375
6 0.7890625 0.509765625 0.046875 0.07421875
0 0.1904296875 0.5 0.380859375 0.6474609375
0 0.759765625 0.4951171875 0.337890625 0.5869140625
1 0.3359375 0.7333984375 0.142578125 0.1328125
1 0.6357421875 0.6982421875 0.0849609375 0.10546875