0 0.287109375 0.5283203125 0.5439453125 0.9267578125
9 0.7490234375 0.72265625 0.4794921875 0.4482421875
9 0.255859375 0.6201171875 0.4833984375 0.4501953125
8 0.31640625 0.2666015625 0.2919921875 0.341796875
8 0.716796875 0.40234375 0.2919921875 0.294921875
7 0.32421875 0.24609375 0.181640625 0.123046875
7 0.689453125 0.404296875 0.1962890625 0.078125
6 0.2216796875 0.8388671875 0.2880859375 0.162109375
6 0.4453125 0.86328125 0.2119140625 0.16015625
6 0.619140625 0.857421875 0.142578125 0.181640625
6 0.74609375 0.890625 0.234375 0.1669921875
0 0.73046875 0.568359375 0.525390625 0.8486328125