0 0.666015625 0.5927734375 0.3203125 0.494140625
9 0.373046875 0.548828125 0.2685546875 0.201171875
9 0.404296875 0.623046875 0.0810546875 0.0595703125
1 0.298828125 0.7314453125 0.064453125 0.064453125
1 0.712890625 0.779296875 0.130859375 0.080078125
3 0.400390625 0.4501953125 0.0986328125 0.037109375
9 0.58203125 0.67578125 0.056640625 0.099609375
9 0.505859375 0.6513671875 0.056640625 0.099609375
9 0.3916015625 0.396484375 0.1279296875 0.078125
9 0.556640625 0.38671875 0.1279296875 0.078125
0 0.359375 0.57421875 0.3173828125 0.447265625
1 0.650390625 0.7509765625 0.1201171875 0.0703125
1 0.3837890625 0.71484375 0.064453125 0.064453125
3 0.548828125 0.4267578125 0.095703125 0.0751953125
9 0.689453125 0.5244140625 0.2685546875 0.201171875