5 0.4599609375 0.78515625 0.0849609375 0.08203125
6 0.609375 0.6279296875 0.0712890625 0.060546875
6 0.46875 0.640625 0.0625 0.0693359375
8 0.4853515625 0.31640625 0.2158203125 0.2275390625
0 0.5029296875 0.5908203125 0.5302734375 0.8046875
9 0.4931640625 0.595703125 0.3798828125 0.326171875
7 0.5185546875 0.47265625 0.1103515625 0.0625
6 0.66796875 0.763671875 0.1015625 0.1103515625
6 0.369140625 0.7998046875 0.09765625 0.1015625
3 0.470703125 0.328125 0.1279296875 0.05859375
8 0.5146484375 0.4609375 0.15625 0.16015625
9 0.517578125 0.630859375 0.203125 0.2490234375
0 0.5244140625 0.623046875 0.2666015625 0.4326171875
5 0.6083984375 0.78515625 0.07421875 0.1171875