10 0.3095703125 0.6044921875 0.1689453125 0.236328125
4 0.5615234375 0.3291015625 0.1064453125 0.0859375
4 0.322265625 0.4384765625 0.0908203125 0.080078125
4 0.564453125 0.466796875 0.0908203125 0.09375
0 0.525390625 0.36328125 0.263671875 0.1875
0 0.5712890625 0.53125 0.173828125 0.2265625
0 0.697265625 0.5947265625 0.203125 0.259765625
0 0.2978515625 0.4873046875 0.1279296875 0.193359375
0 0.3896484375 0.5654296875 0.193359375 0.2919921875
10 0.693359375 0.638671875 0.248046875 0.1689453125
4 0.6875 0.498046875 0.119140625 0.0908203125
10 0.373046875 0.6015625 0.3095703125 0.2294921875
10 0.513671875 0.396484375 0.228515625 0.2060546875
10 0.6025390625 0.6005859375 0.208984375 0.21875