0 0.24609375 0.42578125 0.060546875 0.119140625
10 0.451171875 0.345703125 0.091796875 0.1044921875
1 0.671875 0.974609375 0.091796875 0.048828125
1 0.48046875 0.525390625 0.064453125 0.044921875
4 0.248046875 0.388671875 0.0126953125 0.0107421875
4 0.619140625 0.548828125 0.0888671875 0.0654296875
10 0.2470703125 0.41796875 0.0283203125 0.0341796875
10 0.654296875 0.671875 0.119140625 0.205078125
4 0.4306640625 0.244140625 0.041015625 0.046875
0 0.6630859375 0.7490234375 0.1982421875 0.501953125
0 0.4638671875 0.373046875 0.1455078125 0.3544921875