10 0.8291015625 0.6767578125 0.134765625 0.2919921875
1 0.630859375 0.810546875 0.041015625 0.0341796875
1 0.587890625 0.806640625 0.0546875 0.0517578125
1 0.541015625 0.802734375 0.0341796875 0.033203125
1 0.509765625 0.7978515625 0.044921875 0.029296875
1 0.4609375 0.796875 0.0390625 0.041015625
4 0.7119140625 0.5087890625 0.0654296875 0.056640625
4 0.814453125 0.505859375 0.072265625 0.0576171875
4 0.9248046875 0.5048828125 0.0625 0.060546875
1 0.3388671875 0.779296875 0.041015625 0.025390625
1 0.380859375 0.78515625 0.0390625 0.0341796875
1 0.412109375 0.7890625 0.041015625 0.0341796875
1 0.962890625 0.7958984375 0.0625 0.0654296875
10 0.078125 0.658203125 0.0859375 0.2080078125
10 0.11328125 0.634765625 0.0595703125 0.2265625
10 0.1494140625 0.6484375 0.0732421875 0.208984375
10 0.201171875 0.6552734375 0.099609375 0.1953125
4 0.6875 0.5146484375 0.0625 0.0517578125
10 0.2509765625 0.638671875 0.068359375 0.216796875
10 0.287109375 0.6591796875 0.0859375 0.21875
10 0.3193359375 0.662109375 0.0673828125 0.251953125
10 0.3603515625 0.6796875 0.1142578125 0.255859375
10 0.400390625 0.6552734375 0.0654296875 0.28125
10 0.4443359375 0.66796875 0.09375 0.287109375
10 0.5400390625 0.6806640625 0.0966796875 0.279296875
10 0.623046875 0.677734375 0.095703125 0.279296875
4 0.6064453125 0.5166015625 0.0517578125 0.0546875
4 0.583984375 0.501953125 0.0546875 0.0517578125
10 0.58984375 0.6708984375 0.0673828125 0.2763671875
4 0.525390625 0.5205078125 0.0654296875 0.0673828125
4 0.4443359375 0.4990234375 0.052734375 0.0361328125
4 0.3740234375 0.5048828125 0.0654296875 0.0654296875
4 0.35546875 0.529296875 0.060546875 0.0546875
4 0.3056640625 0.513671875 0.0390625 0.048828125
4 0.283203125 0.537109375 0.056640625 0.046875
4 0.2421875 0.5087890625 0.0439453125 0.046875
4 0.205078125 0.537109375 0.044921875 0.0546875
4 0.19140625 0.52734375 0.0498046875 0.052734375
4 0.142578125 0.5224609375 0.046875 0.044921875
4 0.1044921875 0.5 0.041015625 0.0390625
4 0.0693359375 0.5283203125 0.0439453125 0.0390625
10 0.7216796875 0.6748046875 0.111328125 0.291015625
0 0.9267578125 0.642578125 0.146484375 0.36328125
0 0.8212890625 0.662109375 0.1171875 0.3642578125
0 0.7216796875 0.6591796875 0.1298828125 0.3486328125
0 0.6123046875 0.6552734375 0.123046875 0.3486328125
0 0.513671875 0.6455078125 0.056640625 0.306640625
0 0.447265625 0.650390625 0.076171875 0.330078125
0 0.357421875 0.65625 0.0888671875 0.3251953125
0 0.291015625 0.6318359375 0.0654296875 0.2294921875
0 0.201171875 0.634765625 0.0654296875 0.2578125
0 0.1240234375 0.6201171875 0.0576171875 0.2451171875
0 0.0712890625 0.623046875 0.0859375 0.28125
1 0.787109375 0.818359375 0.0576171875 0.0498046875
1 0.744140625 0.8154296875 0.0654296875 0.0390625
1 0.865234375 0.8271484375 0.0546875 0.041015625
1 0.69140625 0.810546875 0.0498046875 0.046875
1 0.892578125 0.794921875 0.068359375 0.0546875