10 0.3916015625 0.431640625 0.1455078125 0.2529296875
4 0.8994140625 0.4384765625 0.0830078125 0.076171875
4 0.3857421875 0.2529296875 0.1220703125 0.0625
2 0.525390625 0.291015625 0.0830078125 0.0625
9 0.87109375 0.5732421875 0.0361328125 0.0517578125
9 0.9033203125 0.60546875 0.0361328125 0.0517578125
9 0.7763671875 0.265625 0.0361328125 0.0517578125
9 0.724609375 0.236328125 0.0361328125 0.0517578125
0 0.4072265625 0.505859375 0.322265625 0.654296875
0 0.7666015625 0.263671875 0.1376953125 0.2080078125
0 0.916015625 0.5126953125 0.1669921875 0.248046875
4 0.75390625 0.17578125 0.0654296875 0.037109375
1 0.431640625 0.791015625 0.095703125 0.0419921875
1 0.3427734375 0.818359375 0.115234375 0.0390625
9 0.404296875 0.28125 0.103515625 0.0263671875
2 0.349609375 0.20703125 0.052734375 0.0390625
10 0.9365234375 0.5234375 0.119140625 0.109375