10 0.07421875 0.4384765625 0.1220703125 0.2216796875
10 0.318359375 0.435546875 0.1015625 0.1171875
2 0.1298828125 0.55078125 0.0517578125 0.0888671875
2 0.4375 0.431640625 0.037109375 0.044921875
2 0.318359375 0.5419921875 0.037109375 0.046875
1 0.103515625 0.78125 0.1171875 0.072265625
1 0.1240234375 0.75390625 0.041015625 0.0390625
1 0.373046875 0.5771484375 0.0498046875 0.0390625
1 0.279296875 0.603515625 0.041015625 0.0703125
0 0.318359375 0.484375 0.154296875 0.28125
0 0.095703125 0.54296875 0.158203125 0.572265625
9 0.75 0.419921875 0.1015625 0.154296875
1 0.744140625 0.66015625 0.0517578125 0.0517578125
0 0.765625 0.482421875 0.1513671875 0.4013671875