4 0.4208984375 0.3828125 0.1015625 0.0830078125
4 0.2451171875 0.380859375 0.119140625 0.078125
0 0.21875 0.5400390625 0.2158203125 0.4560546875
0 0.3994140625 0.55078125 0.228515625 0.4482421875
0 0.7607421875 0.529296875 0.240234375 0.482421875
0 0.5888671875 0.5498046875 0.224609375 0.4501953125
9 0.2216796875 0.5712890625 0.2138671875 0.302734375
9 0.412109375 0.595703125 0.1845703125 0.3154296875
9 0.755859375 0.59765625 0.2236328125 0.3466796875
4 0.7294921875 0.373046875 0.1171875 0.095703125
4 0.552734375 0.3623046875 0.111328125 0.072265625