3 0.9052734375 0.208984375 0.1669921875 0.080078125
0 0.517578125 0.6064453125 0.375 0.787109375
3 0.4619140625 0.412109375 0.1279296875 0.0498046875
4 0.443359375 0.3056640625 0.181640625 0.1640625
4 0.8994140625 0.083984375 0.201171875 0.16796875
0 0.224609375 0.53515625 0.357421875 0.919921875
0 0.8642578125 0.5087890625 0.271484375 0.978515625
4 0.21484375 0.29296875 0.267578125 0.3046875
10 0.49609375 0.7548828125 0.369140625 0.462890625
10 0.89453125 0.669921875 0.2109375 0.642578125
10 0.181640625 0.75390625 0.3173828125 0.4892578125