9 0.5341796875 0.490234375 0.234375 0.1748046875
0 0.2802734375 0.501953125 0.50390625 0.744140625
0 0.5234375 0.4873046875 0.322265625 0.55859375
8 0.31640625 0.27734375 0.2255859375 0.3125
8 0.56640625 0.390625 0.1884765625 0.2666015625
7 0.345703125 0.2861328125 0.1728515625 0.109375
7 0.560546875 0.3681640625 0.1689453125 0.068359375
6 0.447265625 0.7060546875 0.1708984375 0.142578125
6 0.576171875 0.6435546875 0.21484375 0.1494140625
6 0.654296875 0.619140625 0.138671875 0.173828125
9 0.2509765625 0.568359375 0.3681640625 0.4306640625