10 0.408203125 0.384765625 0.080078125 0.1669921875
4 0.5322265625 0.2939453125 0.0439453125 0.029296875
0 0.814453125 0.419921875 0.1357421875 0.470703125
0 0.6953125 0.4052734375 0.1357421875 0.470703125
4 0.484375 0.2265625 0.0439453125 0.029296875
4 0.408203125 0.267578125 0.0439453125 0.0517578125
4 0.599609375 0.279296875 0.0361328125 0.044921875
4 0.6630859375 0.2470703125 0.041015625 0.046875
10 0.798828125 0.3466796875 0.080078125 0.1669921875
0 0.400390625 0.4326171875 0.1357421875 0.470703125
0 0.4765625 0.416015625 0.1357421875 0.470703125
0 0.609375 0.4189453125 0.083984375 0.357421875
1 0.498046875 0.5625 0.0390625 0.048828125
1 0.5576171875 0.548828125 0.0390625 0.048828125
1 0.599609375 0.548828125 0.0390625 0.048828125
1 0.51953125 0.546875 0.0390625 0.048828125
4 0.794921875 0.2099609375 0.0439453125 0.029296875
2 0.708984375 0.4111328125 0.0283203125 0.03125
1 0.8330078125 0.59375 0.064453125 0.056640625
1 0.685546875 0.552734375 0.056640625 0.0283203125
1 0.775390625 0.59375 0.0390625 0.048828125
10 0.6787109375 0.3564453125 0.080078125 0.1669921875
10 0.603515625 0.3701171875 0.080078125 0.1669921875
10 0.5322265625 0.3896484375 0.080078125 0.1669921875
10 0.48046875 0.3544921875 0.080078125 0.1669921875
1 0.431640625 0.607421875 0.0390625 0.0283203125
1 0.3876953125 0.6162109375 0.037109375 0.0283203125
1 0.46484375 0.5732421875 0.0390625 0.048828125
2 0.6552734375 0.416015625 0.0234375 0.0283203125