4 0.1484375 0.34375 0.029296875 0.033203125
4 0.1044921875 0.35546875 0.0439453125 0.0341796875
4 0.0771484375 0.314453125 0.056640625 0.056640625
4 0.208984375 0.380859375 0.076171875 0.0732421875
0 0.16796875 0.5048828125 0.1357421875 0.3076171875
10 0.5166015625 0.576171875 0.0654296875 0.1015625
10 0.396484375 0.63671875 0.0986328125 0.193359375
10 0.2958984375 0.572265625 0.1435546875 0.2001953125
10 0.255859375 0.5048828125 0.080078125 0.1171875
10 0.1181640625 0.5283203125 0.154296875 0.220703125
10 0.12890625 0.4033203125 0.0546875 0.0439453125
10 0.0390625 0.4130859375 0.0751953125 0.1435546875
4 0.5283203125 0.505859375 0.0419921875 0.0341796875
4 0.4375 0.51171875 0.068359375 0.048828125
4 0.365234375 0.439453125 0.0810546875 0.0576171875
4 0.294921875 0.4169921875 0.060546875 0.041015625
4 0.181640625 0.345703125 0.0341796875 0.0419921875
0 0.2841796875 0.4638671875 0.083984375 0.1845703125
0 0.052734375 0.396484375 0.09375 0.2265625
0 0.396484375 0.63671875 0.1513671875 0.2919921875
0 0.5205078125 0.583984375 0.09375 0.2236328125