0 0.287109375 0.4951171875 0.4814453125 0.9267578125
2 0.5048828125 0.8681640625 0.103515625 0.142578125
2 0.8369140625 0.72265625 0.134765625 0.15625
3 0.46484375 0.1669921875 0.0966796875 0.056640625
4 0.8779296875 0.271484375 0.1796875 0.1201171875
4 0.443359375 0.1240234375 0.2109375 0.107421875
2 0.0419921875 0.75 0.083984375 0.1611328125
0 0.736328125 0.6103515625 0.505859375 0.779296875
2 0.251953125 0.81640625 0.0810546875 0.1220703125
3 0.849609375 0.31640625 0.130859375 0.0419921875
10 0.251953125 0.45703125 0.296875 0.4951171875
10 0.748046875 0.6474609375 0.3984375 0.447265625
0 0.291015625 0.4794921875 0.580078125 0.90625
0 0.736328125 0.5986328125 0.5263671875 0.7919921875