8 0.330078125 0.28125 0.1171875 0.0625
9 0.1171875 0.6142578125 0.220703125 0.4375
9 0.33984375 0.5830078125 0.220703125 0.4375
9 0.6015625 0.5517578125 0.220703125 0.4375
9 0.8251953125 0.5478515625 0.220703125 0.4375
0 0.107421875 0.5341796875 0.2109375 0.6875
0 0.33984375 0.5556640625 0.251953125 0.6474609375
0 0.560546875 0.533203125 0.16015625 0.67578125
0 0.78125 0.5029296875 0.2734375 0.74609375
0 0.9619140625 0.4853515625 0.0732421875 0.3486328125
0 0.201171875 0.3544921875 0.0576171875 0.1103515625
0 0.263671875 0.3564453125 0.0478515625 0.078125
0 0.451171875 0.4541015625 0.06640625 0.2802734375
0 0.509765625 0.3642578125 0.044921875 0.1064453125
8 0.068359375 0.2197265625 0.1171875 0.0625
8 0.5859375 0.2138671875 0.1171875 0.0625
8 0.73828125 0.162109375 0.2060546875 0.0810546875
8 0.9453125 0.3125 0.06640625 0.0458984375
8 0.203125 0.2890625 0.1171875 0.0625
8 0.2744140625 0.3095703125 0.1171875 0.0625
7 0.1181640625 0.275390625 0.0556640625 0.02734375
7 0.337890625 0.3330078125 0.091796875 0.02734375
7 0.568359375 0.2646484375 0.0966796875 0.02734375
7 0.6796875 0.2607421875 0.0556640625 0.02734375
7 0.951171875 0.34765625 0.0556640625 0.02734375
6 0.580078125 0.6005859375 0.111328125 0.0947265625
6 0.484375 0.5439453125 0.111328125 0.0947265625