10 0.701171875 0.404296875 0.173828125 0.150390625
4 0.2802734375 0.4462890625 0.041015625 0.041015625
4 0.5068359375 0.40625 0.0986328125 0.056640625
4 0.591796875 0.3671875 0.076171875 0.076171875
4 0.353515625 0.5458984375 0.046875 0.0390625
4 0.5615234375 0.451171875 0.046875 0.0341796875
0 0.681640625 0.419921875 0.2939453125 0.203125
0 0.474609375 0.486328125 0.208984375 0.2763671875
0 0.2548828125 0.5068359375 0.126953125 0.2392578125
10 0.2392578125 0.490234375 0.064453125 0.119140625
10 0.435546875 0.490234375 0.1357421875 0.1171875