2 0.5478515625 0.6015625 0.0439453125 0.0517578125
4 0.6708984375 0.44140625 0.0859375 0.0830078125
4 0.501953125 0.4580078125 0.0859375 0.076171875
1 0.4658203125 0.779296875 0.0732421875 0.068359375
2 0.6171875 0.658203125 0.048828125 0.078125
2 0.478515625 0.626953125 0.0390625 0.0517578125
10 0.6884765625 0.580078125 0.1513671875 0.220703125
10 0.529296875 0.6416015625 0.150390625 0.3017578125
1 0.544921875 0.7724609375 0.0517578125 0.0859375
0 0.51953125 0.6181640625 0.1513671875 0.447265625
0 0.6845703125 0.6259765625 0.1689453125 0.4736328125