0 0.1201171875 0.666015625 0.228515625 0.4658203125
0 0.1787109375 0.5224609375 0.197265625 0.3564453125
0 0.33203125 0.5615234375 0.162109375 0.482421875
0 0.5048828125 0.544921875 0.220703125 0.3564453125
0 0.4482421875 0.3291015625 0.146484375 0.173828125
0 0.7646484375 0.455078125 0.208984375 0.4658203125
10 0.443359375 0.4189453125 0.1015625 0.1328125
10 0.4580078125 0.5986328125 0.158203125 0.298828125
10 0.314453125 0.6298828125 0.1826171875 0.322265625
10 0.1591796875 0.587890625 0.1640625 0.2392578125
10 0.1240234375 0.7373046875 0.236328125 0.2451171875
4 0.720703125 0.25 0.0673828125 0.056640625
4 0.572265625 0.423828125 0.142578125 0.1357421875
4 0.4609375 0.302734375 0.119140625 0.087890625
4 0.310546875 0.38671875 0.126953125 0.099609375
4 0.1728515625 0.392578125 0.1591796875 0.119140625
4 0.0556640625 0.515625 0.107421875 0.1142578125