0 0.7001953125 0.4580078125 0.3017578125 0.435546875
4 0.275390625 0.31640625 0.1845703125 0.1220703125
4 0.708984375 0.31640625 0.1689453125 0.103515625
4 0.8984375 0.2763671875 0.201171875 0.126953125
10 0.2744140625 0.6728515625 0.3203125 0.4169921875
10 0.6865234375 0.64453125 0.166015625 0.4638671875
10 0.9140625 0.673828125 0.171875 0.4140625
0 0.873046875 0.59375 0.2529296875 0.8125
0 0.30859375 0.6123046875 0.4248046875 0.775390625
9 0.677734375 0.8056640625 0.1201171875 0.109375
9 0.525390625 0.8203125 0.1513671875 0.080078125
9 0.830078125 0.357421875 0.1015625 0.0595703125
9 0.6767578125 0.376953125 0.1015625 0.0546875
9 0.298828125 0.384765625 0.119140625 0.0341796875
0 0.884765625 0.6162109375 0.2109375 0.767578125
0 0.712890625 0.4296875 0.2373046875 0.3876953125
0 0.275390625 0.6318359375 0.3310546875 0.728515625