2 0.494140625 0.619140625 0.0498046875 0.0517578125
4 0.552734375 0.4697265625 0.078125 0.0498046875
10 0.5546875 0.576171875 0.0908203125 0.1298828125
10 0.5537109375 0.564453125 0.107421875 0.146484375
2 0.490234375 0.6142578125 0.037109375 0.0576171875
2 0.5986328125 0.6337890625 0.046875 0.056640625
1 0.515625 0.7666015625 0.078125 0.033203125
1 0.58984375 0.7607421875 0.0625 0.0517578125
4 0.552734375 0.4697265625 0.0888671875 0.068359375
2 0.603515625 0.6396484375 0.0654296875 0.0576171875
1 0.5947265625 0.759765625 0.083984375 0.0439453125
0 0.552734375 0.6181640625 0.212890625 0.384765625
1 0.5205078125 0.7646484375 0.083984375 0.033203125