4 0.7451171875 0.4306640625 0.126953125 0.0859375
4 0.6474609375 0.2841796875 0.2265625 0.1376953125
4 0.80859375 0.541015625 0.0654296875 0.080078125
4 0.921875 0.58203125 0.083984375 0.0703125
4 0.9677734375 0.5283203125 0.064453125 0.0859375
4 0.2001953125 0.3349609375 0.126953125 0.0859375
4 0.2880859375 0.375 0.126953125 0.0859375
4 0.412109375 0.318359375 0.1533203125 0.1171875
0 0.599609375 0.5556640625 0.4140625 0.6845703125
0 0.3671875 0.505859375 0.2919921875 0.572265625
0 0.908203125 0.734375 0.1826171875 0.53125
9 0.4892578125 0.6513671875 0.119140625 0.119140625
9 0.373046875 0.60546875 0.119140625 0.119140625
9 0.3037109375 0.568359375 0.119140625 0.119140625
9 0.23828125 0.548828125 0.119140625 0.119140625
9 0.181640625 0.517578125 0.119140625 0.119140625
9 0.115234375 0.482421875 0.119140625 0.119140625
9 0.0634765625 0.4453125 0.119140625 0.119140625
9 0.841796875 0.7451171875 0.119140625 0.119140625