0 0.2978515625 0.7392578125 0.3046875 0.521484375
0 0.5732421875 0.3935546875 0.166015625 0.404296875
0 0.771484375 0.474609375 0.0732421875 0.099609375
10 0.291015625 0.6689453125 0.1455078125 0.228515625
4 0.783203125 0.435546875 0.021484375 0.013671875
4 0.6181640625 0.236328125 0.0517578125 0.0419921875
4 0.361328125 0.5361328125 0.0859375 0.080078125
1 0.1806640625 0.9892578125 0.068359375 0.021484375
1 0.5146484375 0.53515625 0.0703125 0.048828125
10 0.5751953125 0.341796875 0.115234375 0.119140625
10 0.7822265625 0.46484375 0.029296875 0.0341796875