6 0.3681640625 0.5146484375 0.177734375 0.1357421875
7 0.6494140625 0.1796875 0.1484375 0.0693359375
7 0.3779296875 0.1796875 0.193359375 0.0888671875
8 0.6953125 0.119140625 0.3134765625 0.1826171875
9 0.6875 0.6318359375 0.4775390625 0.7138671875
9 0.3603515625 0.625 0.4912109375 0.6904296875
0 0.720703125 0.51171875 0.4345703125 0.9677734375
8 0.365234375 0.13671875 0.2666015625 0.2099609375
6 0.5185546875 0.830078125 0.083984375 0.158203125
0 0.3212890625 0.490234375 0.400390625 0.98046875
6 0.568359375 0.673828125 0.1630859375 0.1630859375
6 0.6318359375 0.4921875 0.2861328125 0.234375