0 0.4794921875 0.47265625 0.1806640625 0.5830078125
0 0.552734375 0.50390625 0.4091796875 0.8818359375
6 0.4384765625 0.234375 0.0986328125 0.1015625
6 0.5927734375 0.486328125 0.1484375 0.12109375
1 0.435546875 0.880859375 0.208984375 0.1630859375
7 0.4755859375 0.2734375 0.0390625 0.0341796875
7 0.603515625 0.158203125 0.1064453125 0.0517578125
8 0.6171875 0.140625 0.1337890625 0.1484375
9 0.4716796875 0.443359375 0.189453125 0.3251953125
9 0.5810546875 0.416015625 0.361328125 0.517578125
9 0.794921875 0.48828125 0.16015625 0.3662109375
0 0.814453125 0.52734375 0.12890625 0.5576171875