0 0.4892578125 0.541015625 0.328125 0.501953125
4 0.2763671875 0.2958984375 0.2421875 0.134765625
4 0.46875 0.3828125 0.193359375 0.1015625
4 0.810546875 0.3740234375 0.3125 0.189453125
10 0.177734375 0.615234375 0.353515625 0.3701171875
10 0.517578125 0.6689453125 0.3779296875 0.205078125
10 0.8115234375 0.646484375 0.376953125 0.2890625
3 0.48046875 0.453125 0.162109375 0.0419921875
3 0.2939453125 0.353515625 0.1767578125 0.078125
0 0.8046875 0.53515625 0.390625 0.5107421875
0 0.2021484375 0.5048828125 0.404296875 0.5498046875
0 0.8037109375 0.517578125 0.3876953125 0.5390625
0 0.525390625 0.54296875 0.302734375 0.5029296875
0 0.2119140625 0.5107421875 0.3876953125 0.5830078125