1 0.3115234375 0.837890625 0.037109375 0.1298828125
0 0.9150390625 0.65625 0.169921875 0.671875
0 0.732421875 0.58203125 0.1201171875 0.5732421875
0 0.330078125 0.6240234375 0.1328125 0.603515625
0 0.474609375 0.607421875 0.185546875 0.7705078125
0 0.58984375 0.580078125 0.103515625 0.4091796875
4 0.3349609375 0.392578125 0.0673828125 0.0908203125
4 0.4833984375 0.298828125 0.0888671875 0.083984375
4 0.583984375 0.4326171875 0.0341796875 0.0341796875
4 0.720703125 0.361328125 0.064453125 0.072265625
4 0.955078125 0.396484375 0.076171875 0.080078125
10 0.33203125 0.548828125 0.115234375 0.2421875
10 0.4716796875 0.6357421875 0.197265625 0.416015625
10 0.58984375 0.544921875 0.078125 0.169921875
10 0.720703125 0.5205078125 0.1357421875 0.2060546875
10 0.9267578125 0.62890625 0.146484375 0.298828125
1 0.373046875 0.833984375 0.0517578125 0.123046875
1 0.681640625 0.78515625 0.037109375 0.091796875
1 0.7412109375 0.7822265625 0.0625 0.1357421875