4 0.748046875 0.30078125 0.0498046875 0.037109375
0 0.1015625 0.5078125 0.203125 0.5673828125
0 0.28515625 0.498046875 0.212890625 0.5341796875
0 0.5107421875 0.48828125 0.1748046875 0.640625
0 0.783203125 0.5576171875 0.146484375 0.556640625
0 0.701171875 0.4248046875 0.0654296875 0.3515625
0 0.6015625 0.3984375 0.056640625 0.232421875
4 0.3125 0.283203125 0.076171875 0.056640625
4 0.048828125 0.2900390625 0.0888671875 0.0654296875
4 0.5087890625 0.2294921875 0.080078125 0.0595703125
4 0.8056640625 0.314453125 0.0732421875 0.072265625
4 0.595703125 0.3095703125 0.033203125 0.03125
4 0.404296875 0.30859375 0.0283203125 0.0283203125
4 0.3564453125 0.328125 0.0390625 0.0390625
4 0.220703125 0.3046875 0.041015625 0.037109375
4 0.2685546875 0.3095703125 0.0283203125 0.0439453125
10 0.0986328125 0.439453125 0.169921875 0.1904296875
10 0.2783203125 0.455078125 0.2001953125 0.212890625
10 0.5126953125 0.388671875 0.146484375 0.181640625
10 0.7890625 0.4521484375 0.115234375 0.1689453125
10 0.7314453125 0.3818359375 0.0908203125 0.1171875
10 0.6015625 0.369140625 0.044921875 0.0517578125
10 0.2236328125 0.34375 0.052734375 0.041015625
1 0.080078125 0.748046875 0.064453125 0.076171875
1 0.158203125 0.7314453125 0.0966796875 0.064453125
1 0.458984375 0.7431640625 0.091796875 0.0908203125
1 0.5703125 0.748046875 0.076171875 0.109375
1 0.744140625 0.75 0.0830078125 0.0673828125
1 0.818359375 0.7685546875 0.0654296875 0.1015625
1 0.6904296875 0.5712890625 0.052734375 0.0595703125