1 0.7392578125 0.947265625 0.1455078125 0.078125
1 0.248046875 0.9453125 0.1572265625 0.083984375
1 0.3447265625 0.9384765625 0.171875 0.1142578125
1 0.67578125 0.943359375 0.17578125 0.0888671875
9 0.3447265625 0.365234375 0.3154296875 0.4521484375
9 0.6962890625 0.4453125 0.2919921875 0.474609375
0 0.673828125 0.51953125 0.3701171875 0.8837890625
0 0.3251953125 0.517578125 0.361328125 0.9482421875
6 0.6748046875 0.4423828125 0.1015625 0.1064453125
6 0.451171875 0.435546875 0.1044921875 0.111328125
7 0.62890625 0.1806640625 0.09375 0.056640625
7 0.3935546875 0.134765625 0.0966796875 0.044921875
8 0.6494140625 0.154296875 0.158203125 0.177734375
8 0.3935546875 0.11328125 0.1806640625 0.1533203125