9 0.455078125 0.494140625 0.0673828125 0.1123046875
0 0.373046875 0.353515625 0.1640625 0.3828125
0 0.453125 0.4814453125 0.0888671875 0.1923828125
0 0.51171875 0.5166015625 0.072265625 0.296875
0 0.646484375 0.55859375 0.240234375 0.5888671875
0 0.7001953125 0.47265625 0.140625 0.322265625
9 0.38671875 0.3486328125 0.1484375 0.2548828125
9 0.513671875 0.4765625 0.0810546875 0.1298828125
9 0.6884765625 0.513671875 0.1123046875 0.263671875
4 0.681640625 0.3564453125 0.095703125 0.09375
4 0.619140625 0.345703125 0.099609375 0.078125
4 0.5732421875 0.357421875 0.0390625 0.056640625
4 0.5048828125 0.423828125 0.0517578125 0.0517578125
4 0.455078125 0.4267578125 0.0517578125 0.046875
4 0.38671875 0.2158203125 0.0673828125 0.0673828125
10 0.5625 0.482421875 0.048828125 0.1591796875
10 0.642578125 0.544921875 0.212890625 0.302734375