6 0.71875 0.40625 0.1044921875 0.1044921875
8 0.4521484375 0.23828125 0.16015625 0.1435546875
0 0.46484375 0.53515625 0.359375 0.8447265625
8 0.841796875 0.111328125 0.1953125 0.169921875
6 0.115234375 0.6318359375 0.0732421875 0.08203125
6 0.2412109375 0.537109375 0.0888671875 0.0869140625
6 0.4716796875 0.373046875 0.08203125 0.1064453125
7 0.83203125 0.10546875 0.119140625 0.0693359375
6 0.83203125 0.34765625 0.1142578125 0.1357421875
6 0.416015625 0.421875 0.0693359375 0.1083984375
9 0.83203125 0.375 0.2841796875 0.328125
9 0.5009765625 0.421875 0.224609375 0.2294921875
9 0.255859375 0.580078125 0.1923828125 0.2001953125
0 0.19921875 0.63671875 0.3720703125 0.59765625
7 0.4521484375 0.25 0.1083984375 0.078125
7 0.234375 0.443359375 0.095703125 0.0712890625
8 0.2421875 0.46484375 0.1640625 0.1728515625
0 0.810546875 0.486328125 0.37890625 0.93359375