7 0.4951171875 0.2734375 0.08984375 0.0419921875
9 0.3466796875 0.5263671875 0.2177734375 0.2197265625
4 0.3046875 0.3828125 0.115234375 0.1123046875
8 0.505859375 0.20703125 0.154296875 0.1044921875
9 0.5791015625 0.390625 0.255859375 0.2001953125
6 0.43359375 0.4892578125 0.064453125 0.0576171875
6 0.390625 0.4892578125 0.064453125 0.0576171875
6 0.208984375 0.4111328125 0.064453125 0.0576171875
5 0.310546875 0.7412109375 0.087890625 0.068359375
5 0.4833984375 0.8037109375 0.087890625 0.068359375
5 0.6904296875 0.8388671875 0.087890625 0.068359375
0 0.359375 0.5888671875 0.408203125 0.56640625
0 0.60546875 0.4990234375 0.3701171875 0.7529296875