2 0.560546875 0.544921875 0.037109375 0.0732421875
2 0.6435546875 0.5283203125 0.0390625 0.064453125
9 0.705078125 0.4560546875 0.177734375 0.197265625
1 0.7412109375 0.732421875 0.0576171875 0.0908203125
0 0.716796875 0.5078125 0.2734375 0.5283203125
1 0.697265625 0.7412109375 0.0517578125 0.072265625
1 0.501953125 0.75 0.064453125 0.0517578125
1 0.4287109375 0.75390625 0.0498046875 0.056640625
2 0.783203125 0.537109375 0.0390625 0.0830078125
0 0.486328125 0.544921875 0.203125 0.533203125
4 0.4892578125 0.3349609375 0.0625 0.044921875
4 0.697265625 0.3125 0.0498046875 0.052734375
10 0.4912109375 0.462890625 0.150390625 0.1640625
2 0.423828125 0.5478515625 0.0390625 0.0703125