0 0.23046875 0.533203125 0.2138671875 0.9326171875
4 0.734375 0.13671875 0.150390625 0.162109375
3 0.2861328125 0.240234375 0.0966796875 0.0732421875
3 0.365234375 0.2607421875 0.0908203125 0.0654296875
0 0.767578125 0.53515625 0.255859375 0.9296875
0 0.560546875 0.5390625 0.2216796875 0.9140625
4 0.263671875 0.1591796875 0.1513671875 0.1796875
3 0.6064453125 0.2861328125 0.078125 0.0498046875
3 0.720703125 0.228515625 0.076171875 0.0498046875
10 0.2109375 0.6123046875 0.193359375 0.619140625
10 0.328125 0.5625 0.140625 0.5
10 0.5751953125 0.5615234375 0.201171875 0.46875
10 0.7705078125 0.5595703125 0.2265625 0.4892578125
4 0.611328125 0.1982421875 0.1220703125 0.1904296875
4 0.3701171875 0.1826171875 0.125 0.15625
0 0.3603515625 0.556640625 0.1533203125 0.873046875