7 0.24609375 0.3330078125 0.1171875 0.0576171875
7 0.478515625 0.240234375 0.0947265625 0.0546875
7 0.7177734375 0.279296875 0.0947265625 0.0390625
6 0.142578125 0.76171875 0.109375 0.115234375
6 0.42578125 0.6357421875 0.078125 0.0908203125
6 0.6962890625 0.576171875 0.11328125 0.1025390625
6 0.9306640625 0.533203125 0.1376953125 0.0458984375
0 0.1328125 0.2861328125 0.12109375 0.2255859375
0 0.236328125 0.5283203125 0.3623046875 0.65234375
0 0.490234375 0.501953125 0.265625 0.716796875
0 0.791015625 0.498046875 0.3603515625 0.703125
8 0.2421875 0.296875 0.1396484375 0.15625
8 0.474609375 0.205078125 0.1357421875 0.1552734375
8 0.7158203125 0.2451171875 0.119140625 0.15625
8 0.1396484375 0.2509765625 0.115234375 0.123046875
7 0.150390625 0.29296875 0.083984375 0.037109375
9 0.27734375 0.63671875 0.35546875 0.4326171875
9 0.4892578125 0.4609375 0.27734375 0.3505859375
9 0.751953125 0.548828125 0.322265625 0.4833984375