8 0.203125 0.158203125 0.2001953125 0.1064453125
0 0.638671875 0.5361328125 0.376953125 0.9130859375
0 0.3642578125 0.5859375 0.220703125 0.8271484375
9 0.365234375 0.4658203125 0.21484375 0.2744140625
9 0.6357421875 0.5673828125 0.3310546875 0.5302734375
9 0.228515625 0.42578125 0.125 0.291015625
6 0.3671875 0.6650390625 0.0908203125 0.0947265625
6 0.6953125 0.806640625 0.0908203125 0.0947265625
5 0.2109375 0.8505859375 0.08203125 0.0771484375
5 0.26953125 0.8828125 0.08984375 0.0966796875
5 0.412109375 0.953125 0.08984375 0.09375
5 0.326171875 0.9453125 0.08984375 0.0966796875
7 0.5458984375 0.1962890625 0.0986328125 0.0263671875
7 0.302734375 0.232421875 0.0986328125 0.0263671875
7 0.1826171875 0.208984375 0.0986328125 0.0263671875
8 0.5712890625 0.1435546875 0.2001953125 0.1064453125
8 0.349609375 0.181640625 0.2001953125 0.1064453125
0 0.1845703125 0.349609375 0.208984375 0.5078125