1 0.318359375 0.916015625 0.0595703125 0.123046875
4 0.267578125 0.0322265625 0.068359375 0.060546875
4 0.4140625 0.158203125 0.0888671875 0.1357421875
4 0.5673828125 0.2861328125 0.087890625 0.126953125
4 0.841796875 0.228515625 0.09375 0.1044921875
10 0.142578125 0.2587890625 0.2685546875 0.4189453125
10 0.3037109375 0.3466796875 0.2451171875 0.318359375
10 0.4638671875 0.51171875 0.232421875 0.357421875
10 0.701171875 0.5185546875 0.298828125 0.365234375
10 0.84375 0.79296875 0.2939453125 0.3955078125
1 0.169921875 0.78125 0.0703125 0.1357421875
1 0.099609375 0.7626953125 0.0625 0.134765625
1 0.0234375 0.673828125 0.041015625 0.1357421875
1 0.2451171875 0.8486328125 0.087890625 0.1123046875
0 0.166015625 0.3837890625 0.314453125 0.7578125
0 0.294921875 0.474609375 0.2529296875 0.7236328125
0 0.4990234375 0.5732421875 0.2451171875 0.736328125
0 0.71875 0.546875 0.380859375 0.8251953125