6 0.85546875 0.4755859375 0.046875 0.046875
10 0.091796875 0.3984375 0.158203125 0.3115234375
10 0.185546875 0.4296875 0.140625 0.3310546875
10 0.306640625 0.3916015625 0.12109375 0.2470703125
10 0.3505859375 0.4345703125 0.1123046875 0.296875
10 0.474609375 0.3955078125 0.142578125 0.2470703125
10 0.615234375 0.357421875 0.1474609375 0.1953125
10 0.68359375 0.587890625 0.1640625 0.248046875
10 0.9150390625 0.482421875 0.169921875 0.33203125
1 0.0546875 0.7685546875 0.0908203125 0.091796875
1 0.125 0.759765625 0.1279296875 0.08984375
1 0.1513671875 0.681640625 0.099609375 0.0986328125
1 0.2021484375 0.6552734375 0.1015625 0.080078125
1 0.294921875 0.6650390625 0.1103515625 0.1064453125
1 0.333984375 0.599609375 0.1015625 0.0869140625
1 0.4482421875 0.609375 0.0732421875 0.080078125
1 0.501953125 0.595703125 0.103515625 0.1103515625
1 0.564453125 0.583984375 0.064453125 0.12109375
1 0.865234375 0.625 0.1015625 0.0888671875
1 0.869140625 0.681640625 0.119140625 0.07421875
1 0.875 0.7314453125 0.1298828125 0.07421875
6 0.533203125 0.453125 0.021484375 0.0283203125
7 0.494140625 0.271484375 0.0439453125 0.017578125
7 0.607421875 0.2666015625 0.041015625 0.0224609375
7 0.673828125 0.5048828125 0.041015625 0.0166015625
7 0.89453125 0.3134765625 0.041015625 0.025390625
8 0.9111328125 0.2861328125 0.07421875 0.07421875
6 0.16015625 0.515625 0.0263671875 0.0380859375
6 0.22265625 0.4765625 0.0390625 0.0517578125
6 0.2734375 0.4853515625 0.04296875 0.0458984375
6 0.353515625 0.4765625 0.02734375 0.0546875
6 0.453125 0.462890625 0.0244140625 0.037109375
8 0.09375 0.2109375 0.1025390625 0.0771484375
8 0.1904296875 0.248046875 0.06640625 0.06640625
8 0.3232421875 0.2685546875 0.0556640625 0.0576171875
8 0.35546875 0.2744140625 0.037109375 0.037109375
8 0.490234375 0.25390625 0.0556640625 0.0576171875
8 0.609375 0.2509765625 0.048828125 0.0400390625
8 0.673828125 0.4853515625 0.0537109375 0.0595703125
7 0.119140625 0.240234375 0.0556640625 0.0234375
7 0.2021484375 0.2705078125 0.0390625 0.025390625
7 0.326171875 0.2900390625 0.0361328125 0.01953125
7 0.3515625 0.2958984375 0.01953125 0.0166015625
6 0.703125 0.5712890625 0.0517578125 0.03515625
6 0.5849609375 0.5595703125 0.021484375 0.04296875
0 0.076171875 0.47265625 0.15234375 0.5908203125
0 0.171875 0.4443359375 0.1396484375 0.4814453125
0 0.302734375 0.4736328125 0.1181640625 0.458984375
0 0.3525390625 0.3271484375 0.048828125 0.140625
0 0.47265625 0.4404296875 0.123046875 0.4150390625
0 0.59375 0.4130859375 0.1259765625 0.3857421875
0 0.677734375 0.5771484375 0.1630859375 0.2626953125
0 0.892578125 0.5048828125 0.17578125 0.4892578125