1 0.6884765625 0.6630859375 0.078125 0.083984375
1 0.4130859375 0.6943359375 0.0732421875 0.1171875
10 0.2216796875 0.3916015625 0.0498046875 0.046875
10 0.4052734375 0.3935546875 0.150390625 0.2080078125
10 0.5517578125 0.3681640625 0.0732421875 0.0830078125
10 0.642578125 0.419921875 0.2294921875 0.232421875
10 0.90234375 0.3935546875 0.0654296875 0.138671875
0 0.6259765625 0.474609375 0.240234375 0.505859375
0 0.1162109375 0.3623046875 0.078125 0.197265625
0 0.166015625 0.392578125 0.0576171875 0.1064453125
0 0.2314453125 0.388671875 0.052734375 0.0859375
0 0.373046875 0.486328125 0.2578125 0.5888671875
0 0.802734375 0.396484375 0.076171875 0.2138671875
0 0.90234375 0.40234375 0.0830078125 0.302734375
10 0.7900390625 0.404296875 0.0654296875 0.107421875
4 0.541015625 0.3173828125 0.046875 0.0546875
4 0.4765625 0.326171875 0.0439453125 0.046875
4 0.3388671875 0.3125 0.033203125 0.037109375
4 0.21875 0.3583984375 0.0390625 0.037109375
4 0.169921875 0.3681640625 0.0498046875 0.0517578125
4 0.1171875 0.296875 0.0517578125 0.048828125
4 0.6416015625 0.255859375 0.1064453125 0.0732421875
4 0.4013671875 0.2490234375 0.0888671875 0.0859375
4 0.75390625 0.3115234375 0.044921875 0.0517578125
4 0.7900390625 0.3291015625 0.0517578125 0.068359375
4 0.9091796875 0.302734375 0.0517578125 0.0517578125
10 0.12109375 0.349609375 0.060546875 0.0888671875
10 0.15625 0.3935546875 0.0654296875 0.078125
1 0.396484375 0.724609375 0.0654296875 0.095703125