9 0.5869140625 0.6181640625 0.0283203125 0.0390625
9 0.697265625 0.6142578125 0.0283203125 0.0390625
9 0.7802734375 0.6181640625 0.0283203125 0.0390625
10 0.537109375 0.548828125 0.09375 0.15625
10 0.7353515625 0.552734375 0.09375 0.15625
4 0.533203125 0.423828125 0.052734375 0.029296875
4 0.7421875 0.4208984375 0.052734375 0.029296875
4 0.314453125 0.396484375 0.052734375 0.029296875
10 0.3076171875 0.521484375 0.09375 0.15625
1 0.28515625 0.759765625 0.044921875 0.0576171875
1 0.3525390625 0.765625 0.0576171875 0.056640625
1 0.7177734375 0.7509765625 0.044921875 0.0576171875
1 0.5126953125 0.7509765625 0.044921875 0.0576171875
1 0.57421875 0.751953125 0.044921875 0.0576171875
1 0.7578125 0.7509765625 0.044921875 0.0576171875
0 0.748046875 0.587890625 0.150390625 0.427734375
0 0.533203125 0.599609375 0.150390625 0.427734375
0 0.3173828125 0.5810546875 0.150390625 0.427734375
9 0.3515625 0.6064453125 0.0283203125 0.0390625
9 0.2568359375 0.60546875 0.0283203125 0.0390625
9 0.4853515625 0.6123046875 0.0283203125 0.0390625