2 0.4423828125 0.783203125 0.076171875 0.146484375
2 0.189453125 0.802734375 0.0908203125 0.1484375
2 0.212890625 0.5107421875 0.123046875 0.076171875
4 0.865234375 0.2255859375 0.1591796875 0.15625
4 0.7197265625 0.220703125 0.138671875 0.1201171875
4 0.470703125 0.150390625 0.1279296875 0.162109375
4 0.337890625 0.10546875 0.1328125 0.0751953125
0 0.6630859375 0.552734375 0.275390625 0.8203125
10 0.708984375 0.7021484375 0.359375 0.5888671875
10 0.646484375 0.658203125 0.2265625 0.4638671875
10 0.3779296875 0.544921875 0.2998046875 0.5107421875
10 0.1337890625 0.458984375 0.265625 0.5673828125
3 0.7080078125 0.306640625 0.126953125 0.052734375
3 0.8134765625 0.310546875 0.146484375 0.048828125
3 0.4404296875 0.232421875 0.119140625 0.046875
0 0.2265625 0.466796875 0.447265625 0.921875
0 0.3701171875 0.5185546875 0.4423828125 0.962890625
0 0.7412109375 0.564453125 0.4794921875 0.8701171875
0 0.58203125 0.5673828125 0.455078125 0.865234375
0 0.3564453125 0.517578125 0.3388671875 0.943359375
0 0.208984375 0.5048828125 0.4169921875 0.9892578125
0 0.7568359375 0.580078125 0.3564453125 0.810546875
3 0.326171875 0.109375 0.0810546875 0.078125