9 0.787109375 0.4951171875 0.091796875 0.0888671875
0 0.263671875 0.513671875 0.34375 0.65625
9 0.244140625 0.4208984375 0.091796875 0.0888671875
9 0.802734375 0.3984375 0.091796875 0.0888671875
9 0.333984375 0.498046875 0.091796875 0.0888671875
9 0.91796875 0.361328125 0.1611328125 0.263671875
9 0.251953125 0.388671875 0.2685546875 0.2890625
0 0.8720703125 0.494140625 0.255859375 0.65625
4 0.359375 0.271484375 0.09375 0.1220703125
1 0.279296875 0.7451171875 0.111328125 0.107421875
1 0.9296875 0.7890625 0.138671875 0.078125
1 0.171875 0.7783203125 0.111328125 0.107421875
4 0.837890625 0.2275390625 0.1171875 0.1220703125