6 0.8671875 0.62109375 0.2451171875 0.2177734375
7 0.3994140625 0.3408203125 0.154296875 0.0419921875
6 0.2841796875 0.9580078125 0.166015625 0.083984375
0 0.30859375 0.607421875 0.5751953125 0.78515625
8 0.3486328125 0.224609375 0.2470703125 0.1171875
8 0.177734375 0.28515625 0.2470703125 0.1171875
7 0.255859375 0.380859375 0.154296875 0.087890625
0 0.580078125 0.5361328125 0.6748046875 0.884765625
6 0.18359375 0.724609375 0.2451171875 0.2177734375
9 0.611328125 0.7109375 0.5205078125 0.5
9 0.267578125 0.748046875 0.45703125 0.3984375