7 0.2421875 0.34375 0.1123046875 0.076171875
0 0.234375 0.50390625 0.3486328125 0.705078125
0 0.46875 0.498046875 0.2919921875 0.6064453125
0 0.73046875 0.51171875 0.3134765625 0.5927734375
0 0.845703125 0.5791015625 0.21875 0.595703125
6 0.2421875 0.3720703125 0.095703125 0.0830078125
6 0.306640625 0.564453125 0.08203125 0.1162109375
6 0.458984375 0.5341796875 0.0869140625 0.119140625
6 0.5380859375 0.494140625 0.09765625 0.0771484375
6 0.6416015625 0.4140625 0.119140625 0.0927734375
6 0.78515625 0.4189453125 0.0908203125 0.1064453125
6 0.873046875 0.5810546875 0.1015625 0.0966796875
8 0.8486328125 0.3720703125 0.134765625 0.1123046875
7 0.451171875 0.32421875 0.1064453125 0.056640625
7 0.76953125 0.3134765625 0.080078125 0.07421875
7 0.826171875 0.3779296875 0.080078125 0.048828125
8 0.2177734375 0.3291015625 0.1708984375 0.12109375
1 0.23828125 0.7744140625 0.0927734375 0.109375
1 0.4384765625 0.6591796875 0.068359375 0.0966796875
1 0.509765625 0.634765625 0.080078125 0.080078125
1 0.80859375 0.7666015625 0.0927734375 0.056640625
1 0.8642578125 0.7763671875 0.083984375 0.083984375
9 0.173828125 0.4443359375 0.2060546875 0.2138671875
9 0.439453125 0.412109375 0.1650390625 0.12890625
9 0.865234375 0.494140625 0.1689453125 0.2021484375
9 0.76171875 0.4384765625 0.111328125 0.181640625
8 0.4482421875 0.3134765625 0.125 0.07421875
8 0.783203125 0.3095703125 0.123046875 0.1435546875