0 0.111328125 0.521484375 0.1826171875 0.6240234375
7 0.47265625 0.2841796875 0.07421875 0.0322265625
7 0.357421875 0.287109375 0.07421875 0.0322265625
7 0.140625 0.279296875 0.07421875 0.0322265625
8 0.525390625 0.2587890625 0.1044921875 0.0361328125
8 0.4443359375 0.25390625 0.1044921875 0.0361328125
8 0.34765625 0.25390625 0.1044921875 0.0361328125
8 0.126953125 0.244140625 0.1044921875 0.0361328125
6 0.51953125 0.33984375 0.06640625 0.0830078125
6 0.5712890625 0.330078125 0.06640625 0.0830078125
6 0.646484375 0.3056640625 0.06640625 0.0830078125
9 0.4453125 0.4375 0.126953125 0.19140625
6 0.2001953125 0.3564453125 0.06640625 0.0830078125
9 0.126953125 0.44140625 0.126953125 0.19140625
6 0.396484375 0.357421875 0.06640625 0.0830078125
9 0.330078125 0.443359375 0.126953125 0.19140625
0 0.5859375 0.515625 0.1826171875 0.6240234375
0 0.484375 0.515625 0.1826171875 0.6240234375
0 0.2998046875 0.525390625 0.1826171875 0.6240234375
7 0.5224609375 0.291015625 0.07421875 0.0322265625