4 0.2880859375 0.208984375 0.0439453125 0.044921875
4 0.166015625 0.181640625 0.041015625 0.041015625
4 0.0908203125 0.1904296875 0.0341796875 0.0517578125
4 0.8935546875 0.283203125 0.0732421875 0.115234375
4 0.8154296875 0.220703125 0.0732421875 0.0703125
4 0.69921875 0.166015625 0.1015625 0.1171875
4 0.5673828125 0.216796875 0.0703125 0.095703125
4 0.24609375 0.263671875 0.0732421875 0.0654296875
4 0.4794921875 0.1640625 0.080078125 0.083984375
4 0.396484375 0.173828125 0.0654296875 0.083984375
4 0.337890625 0.166015625 0.091796875 0.0966796875
9 0.341796875 0.462890625 0.169921875 0.3564453125
9 0.5751953125 0.4833984375 0.1279296875 0.3232421875
9 0.697265625 0.443359375 0.140625 0.3154296875
9 0.892578125 0.546875 0.1279296875 0.345703125
9 0.8056640625 0.458984375 0.0966796875 0.2685546875
9 0.490234375 0.39453125 0.09375 0.2841796875
0 0.330078125 0.560546875 0.1279296875 0.8720703125
0 0.69921875 0.546875 0.166015625 0.8984375
0 0.568359375 0.5810546875 0.130859375 0.830078125
0 0.892578125 0.6044921875 0.15625 0.7783203125
0 0.8115234375 0.3349609375 0.103515625 0.2392578125
0 0.4736328125 0.236328125 0.119140625 0.25
4 0.216796875 0.2021484375 0.037109375 0.0498046875