2 0.158203125 0.8515625 0.119140625 0.15625
2 0.3623046875 0.8291015625 0.076171875 0.1484375
2 0.591796875 0.7822265625 0.0859375 0.1513671875
0 0.25390625 0.5263671875 0.4091796875 0.9326171875
4 0.697265625 0.134765625 0.1748046875 0.125
3 0.6748046875 0.205078125 0.1044921875 0.052734375
4 0.265625 0.1845703125 0.228515625 0.169921875
2 0.8212890625 0.5234375 0.125 0.1669921875
0 0.7373046875 0.5263671875 0.400390625 0.9326171875
3 0.310546875 0.212890625 0.083984375 0.0341796875
10 0.2275390625 0.5400390625 0.2841796875 0.4501953125
10 0.7294921875 0.4931640625 0.271484375 0.384765625