2 0.525390625 0.501953125 0.0205078125 0.017578125
2 0.478515625 0.5126953125 0.0205078125 0.025390625
2 0.4892578125 0.3291015625 0.013671875 0.0205078125
0 0.478515625 0.3427734375 0.0908203125 0.1689453125
2 0.458984375 0.3291015625 0.013671875 0.0126953125
0 0.51953125 0.537109375 0.0986328125 0.224609375
0 0.4697265625 0.201171875 0.0986328125 0.109375
9 0.310546875 0.9208984375 0.0751953125 0.052734375
9 0.4638671875 0.955078125 0.0751953125 0.052734375
0 0.568359375 0.7626953125 0.0986328125 0.224609375
4 0.5146484375 0.45703125 0.037109375 0.0263671875
10 0.46875 0.3310546875 0.0595703125 0.0546875
10 0.4580078125 0.19921875 0.052734375 0.0546875
10 0.560546875 0.71875 0.0673828125 0.083984375
10 0.521484375 0.513671875 0.060546875 0.0703125