8 0.46484375 0.2109375 0.125 0.0576171875
1 0.265625 0.8369140625 0.0830078125 0.1015625
1 0.359375 0.8583984375 0.0712890625 0.0673828125
9 0.3505859375 0.44140625 0.177734375 0.3330078125
9 0.45703125 0.3076171875 0.044921875 0.0849609375
9 0.853515625 0.2587890625 0.0810546875 0.1171875
9 0.9609375 0.3203125 0.078125 0.0791015625
8 0.388671875 0.193359375 0.125 0.0576171875
8 0.83203125 0.1416015625 0.125 0.0576171875
0 0.3310546875 0.5283203125 0.236328125 0.7607421875
0 0.84375 0.2177734375 0.134765625 0.2587890625
6 0.390625 0.4091796875 0.0615234375 0.0625
7 0.41015625 0.232421875 0.06640625 0.02734375