1 0.544921875 0.689453125 0.0595703125 0.123046875
0 0.5791015625 0.4541015625 0.1201171875 0.681640625
3 0.0810546875 0.134765625 0.0703125 0.0390625
1 0.6015625 0.728515625 0.0732421875 0.1435546875
10 0.7470703125 0.5107421875 0.150390625 0.302734375
10 0.595703125 0.3759765625 0.103515625 0.28125
10 0.4638671875 0.412109375 0.119140625 0.2451171875
10 0.353515625 0.37109375 0.1220703125 0.2158203125
10 0.234375 0.3564453125 0.1220703125 0.2548828125
10 0.08203125 0.3291015625 0.1376953125 0.3095703125
4 0.7685546875 0.2958984375 0.103515625 0.1279296875
4 0.599609375 0.162109375 0.0625 0.123046875
1 0.205078125 0.6298828125 0.0654296875 0.1279296875
0 0.4619140625 0.4560546875 0.1142578125 0.5576171875
0 0.35546875 0.4267578125 0.09375 0.5576171875
0 0.236328125 0.416015625 0.109375 0.6328125
4 0.4736328125 0.2490234375 0.0673828125 0.0986328125
0 0.087890625 0.443359375 0.158203125 0.8125
4 0.353515625 0.224609375 0.078125 0.1064453125
4 0.2412109375 0.1787109375 0.0732421875 0.0986328125
4 0.076171875 0.08984375 0.080078125 0.0673828125
1 0.759765625 0.8125 0.072265625 0.130859375
1 0.6826171875 0.802734375 0.056640625 0.1435546875
1 0.4873046875 0.6787109375 0.046875 0.0859375
1 0.4248046875 0.658203125 0.0576171875 0.0859375
0 0.732421875 0.560546875 0.1826171875 0.6904296875
1 0.376953125 0.6181640625 0.0390625 0.109375
1 0.318359375 0.603515625 0.0517578125 0.125
1 0.0615234375 0.736328125 0.076171875 0.103515625
1 0.126953125 0.6767578125 0.076171875 0.0908203125
1 0.263671875 0.62109375 0.041015625 0.1279296875