9 0.369140625 0.6953125 0.044921875 0.068359375
9 0.22265625 0.6865234375 0.044921875 0.068359375
9 0.4951171875 0.681640625 0.044921875 0.068359375
0 0.296875 0.609375 0.154296875 0.515625
0 0.4365234375 0.6318359375 0.154296875 0.515625
10 0.7255859375 0.6103515625 0.166015625 0.232421875
10 0.4228515625 0.58984375 0.166015625 0.232421875
10 0.546875 0.59375 0.166015625 0.232421875
9 0.8095703125 0.6923828125 0.044921875 0.068359375
4 0.439453125 0.419921875 0.087890625 0.0517578125
4 0.5576171875 0.4091796875 0.087890625 0.0517578125
4 0.7236328125 0.427734375 0.087890625 0.0517578125
9 0.6552734375 0.69921875 0.044921875 0.068359375
9 0.623046875 0.6953125 0.044921875 0.068359375
0 0.740234375 0.623046875 0.197265625 0.5078125
0 0.5751953125 0.6162109375 0.154296875 0.515625
4 0.298828125 0.384765625 0.087890625 0.0517578125
10 0.2939453125 0.5771484375 0.166015625 0.232421875