2 0.58203125 0.6396484375 0.0966796875 0.1015625
9 0.2275390625 0.6396484375 0.3408203125 0.599609375
9 0.861328125 0.671875 0.2744140625 0.44140625
9 0.71484375 0.5419921875 0.150390625 0.1533203125
9 0.54296875 0.6064453125 0.123046875 0.2763671875
0 0.8037109375 0.5712890625 0.392578125 0.720703125
8 0.2978515625 0.2216796875 0.25390625 0.162109375
8 0.5283203125 0.384765625 0.1123046875 0.099609375
8 0.5810546875 0.3896484375 0.1318359375 0.12109375
0 0.244140625 0.55078125 0.404296875 0.8720703125
0 0.548828125 0.556640625 0.1923828125 0.5205078125
0 0.6708984375 0.556640625 0.3115234375 0.6103515625
8 0.703125 0.3271484375 0.185546875 0.1259765625
8 0.875 0.3515625 0.19921875 0.158203125
2 0.697265625 0.7216796875 0.1279296875 0.1064453125
2 0.4462890625 0.6259765625 0.091796875 0.103515625