0 0.2109375 0.564453125 0.234375 0.478515625
3 0.578125 0.3701171875 0.0771484375 0.033203125
3 0.4580078125 0.326171875 0.076171875 0.0322265625
3 0.205078125 0.3681640625 0.072265625 0.0302734375
1 0.462890625 0.693359375 0.091796875 0.0556640625
1 0.390625 0.6826171875 0.0771484375 0.064453125
1 0.255859375 0.7646484375 0.0869140625 0.056640625
1 0.19921875 0.775390625 0.0673828125 0.05078125
9 0.8046875 0.552734375 0.21875 0.3232421875
9 0.587890625 0.4951171875 0.189453125 0.2236328125
9 0.4384765625 0.4306640625 0.1884765625 0.2177734375
9 0.2021484375 0.48828125 0.154296875 0.2001953125
0 0.814453125 0.583984375 0.2392578125 0.484375
0 0.603515625 0.5537109375 0.2197265625 0.474609375
0 0.4150390625 0.5009765625 0.1875 0.4716796875
8 0.4453125 0.31640625 0.083984375 0.056640625
8 0.578125 0.357421875 0.0595703125 0.068359375
3 0.791015625 0.4013671875 0.0849609375 0.046875