8 0.427734375 0.158203125 0.0966796875 0.048828125
2 0.5205078125 0.3603515625 0.064453125 0.0576171875
2 0.3720703125 0.361328125 0.064453125 0.0576171875
0 0.7158203125 0.37890625 0.291015625 0.6416015625
0 0.4130859375 0.44140625 0.291015625 0.6416015625
5 0.7744140625 0.5224609375 0.05859375 0.0634765625
5 0.6982421875 0.5205078125 0.05859375 0.0634765625
5 0.4755859375 0.62109375 0.05859375 0.142578125
5 0.42578125 0.658203125 0.05859375 0.142578125
7 0.431640625 0.1943359375 0.05859375 0.0146484375
8 0.736328125 0.154296875 0.0966796875 0.048828125
9 0.736328125 0.302734375 0.138671875 0.1884765625
9 0.443359375 0.330078125 0.138671875 0.1884765625
6 0.73828125 0.2919921875 0.05859375 0.044921875