0 0.509765625 0.5869140625 0.0888671875 0.341796875
0 0.4248046875 0.607421875 0.123046875 0.34375
0 0.3544921875 0.634765625 0.095703125 0.2734375
10 0.9609375 0.54296875 0.0625 0.095703125
0 0.1318359375 0.615234375 0.107421875 0.3466796875
0 0.0712890625 0.599609375 0.125 0.4716796875
10 0.8935546875 0.56640625 0.0625 0.1171875
10 0.8212890625 0.587890625 0.078125 0.125
10 0.6201171875 0.5634765625 0.0732421875 0.130859375
10 0.583984375 0.494140625 0.0546875 0.0673828125
10 0.560546875 0.580078125 0.0576171875 0.140625
0 0.33203125 0.6123046875 0.09375 0.3330078125
0 0.5908203125 0.587890625 0.0810546875 0.326171875
10 0.5078125 0.529296875 0.056640625 0.134765625
10 0.47265625 0.5234375 0.046875 0.0908203125
10 0.4345703125 0.55859375 0.0732421875 0.123046875
10 0.3349609375 0.521484375 0.0673828125 0.0888671875
10 0.341796875 0.6142578125 0.0673828125 0.1171875
10 0.283203125 0.587890625 0.0654296875 0.125
10 0.1982421875 0.5556640625 0.0859375 0.177734375
10 0.126953125 0.560546875 0.083984375 0.1455078125
10 0.064453125 0.501953125 0.0859375 0.1611328125
0 0.275390625 0.6123046875 0.0908203125 0.3330078125
0 0.197265625 0.6064453125 0.0810546875 0.388671875
0 0.576171875 0.6044921875 0.0888671875 0.287109375
0 0.44140625 0.583984375 0.103515625 0.3466796875
0 0.955078125 0.5869140625 0.0732421875 0.2548828125
0 0.90234375 0.5947265625 0.0908203125 0.236328125
0 0.8232421875 0.6044921875 0.0966796875 0.2236328125
0 0.626953125 0.623046875 0.095703125 0.326171875