1 0.484375 0.537109375 0.080078125 0.119140625
9 0.53125 0.3740234375 0.1337890625 0.154296875
9 0.6435546875 0.41796875 0.1572265625 0.2041015625
9 0.763671875 0.4912109375 0.2392578125 0.2841796875
3 0.775390625 0.3349609375 0.109375 0.0498046875
3 0.6142578125 0.314453125 0.0908203125 0.03125
1 0.5458984375 0.75390625 0.1328125 0.072265625
1 0.5263671875 0.765625 0.171875 0.076171875
1 0.4013671875 0.560546875 0.1171875 0.1650390625
1 0.533203125 0.5732421875 0.111328125 0.1201171875
0 0.67578125 0.53125 0.4111328125 0.5517578125
0 0.640625 0.3896484375 0.12109375 0.2529296875
0 0.4921875 0.3916015625 0.185546875 0.275390625
6 0.66796875 0.576171875 0.0654296875 0.1142578125
6 0.75 0.4169921875 0.07421875 0.1044921875
8 0.54296875 0.28125 0.0634765625 0.0615234375
8 0.615234375 0.3017578125 0.083984375 0.052734375
8 0.775390625 0.3125 0.123046875 0.09375