4 0.927734375 0.4189453125 0.109375 0.1220703125
0 0.146484375 0.2646484375 0.0625 0.2373046875
0 0.423828125 0.2412109375 0.119140625 0.2138671875
0 0.5478515625 0.37109375 0.1279296875 0.216796875
0 0.583984375 0.208984375 0.0859375 0.162109375
0 0.6904296875 0.291015625 0.1376953125 0.208984375
4 0.1552734375 0.2197265625 0.0732421875 0.0595703125
0 0.8349609375 0.376953125 0.0908203125 0.291015625
0 0.939453125 0.4921875 0.1142578125 0.296875
0 0.4609375 0.7216796875 0.271484375 0.5185546875
0 0.173828125 0.5947265625 0.2685546875 0.7373046875
4 0.2314453125 0.3515625 0.1689453125 0.2265625
4 0.2919921875 0.181640625 0.0439453125 0.0517578125
4 0.2685546875 0.146484375 0.037109375 0.0439453125
4 0.306640625 0.158203125 0.0341796875 0.0498046875
4 0.3818359375 0.169921875 0.025390625 0.0517578125
4 0.412109375 0.177734375 0.0576171875 0.0703125
4 0.4765625 0.15234375 0.0576171875 0.044921875
4 0.59375 0.17578125 0.0625 0.080078125
4 0.2109375 0.1728515625 0.0703125 0.052734375
4 0.251953125 0.1728515625 0.0283203125 0.0498046875
4 0.677734375 0.2587890625 0.0498046875 0.064453125
4 0.8505859375 0.330078125 0.103515625 0.1015625