10 0.7138671875 0.517578125 0.1220703125 0.287109375
0 0.205078125 0.5458984375 0.2060546875 0.623046875
0 0.4189453125 0.6201171875 0.169921875 0.673828125
0 0.595703125 0.5966796875 0.1455078125 0.740234375
0 0.708984375 0.61328125 0.1044921875 0.6904296875
10 0.599609375 0.474609375 0.125 0.2734375
1 0.126953125 0.8125 0.099609375 0.119140625
1 0.2548828125 0.8349609375 0.1015625 0.0732421875
1 0.345703125 0.923828125 0.078125 0.0625
1 0.4208984375 0.921875 0.0625 0.0517578125
1 0.58984375 0.916015625 0.111328125 0.048828125
1 0.69140625 0.91015625 0.123046875 0.083984375
4 0.216796875 0.3056640625 0.0859375 0.0830078125
4 0.4150390625 0.337890625 0.0888671875 0.1044921875
4 0.5908203125 0.2734375 0.0810546875 0.0966796875
4 0.705078125 0.318359375 0.0966796875 0.0908203125
10 0.212890625 0.4912109375 0.1201171875 0.2939453125
10 0.392578125 0.5595703125 0.1875 0.3095703125