8 0.4853515625 0.3896484375 0.0732421875 0.03125
9 0.2763671875 0.5439453125 0.162109375 0.1884765625
9 0.5009765625 0.51953125 0.14453125 0.1728515625
9 0.732421875 0.6044921875 0.203125 0.2685546875
5 0.548828125 0.775390625 0.0634765625 0.0517578125
5 0.47265625 0.775390625 0.0634765625 0.0517578125
5 0.30078125 0.7685546875 0.0634765625 0.0517578125
5 0.2451171875 0.7626953125 0.0634765625 0.0517578125
6 0.6728515625 0.7548828125 0.048828125 0.0498046875
6 0.5625 0.60546875 0.048828125 0.0498046875
6 0.4296875 0.6103515625 0.048828125 0.0498046875
6 0.3466796875 0.6005859375 0.048828125 0.0498046875
7 0.716796875 0.4130859375 0.0458984375 0.0205078125
7 0.482421875 0.4130859375 0.0458984375 0.0205078125
7 0.2734375 0.41796875 0.0458984375 0.0205078125
8 0.73828125 0.3798828125 0.0732421875 0.03125
8 0.27734375 0.3984375 0.0732421875 0.03125
0 0.744140625 0.61328125 0.205078125 0.5205078125
0 0.4990234375 0.5810546875 0.205078125 0.4423828125
0 0.26953125 0.587890625 0.205078125 0.4169921875