0 0.7724609375 0.345703125 0.142578125 0.2861328125
0 0.623046875 0.333984375 0.1640625 0.259765625
0 0.4599609375 0.337890625 0.1484375 0.251953125
0 0.287109375 0.345703125 0.185546875 0.2529296875
4 0.470703125 0.25 0.0673828125 0.0546875
2 0.2353515625 0.423828125 0.0625 0.0498046875
4 0.78125 0.2509765625 0.0830078125 0.0517578125
2 0.357421875 0.4248046875 0.046875 0.044921875
2 0.314453125 0.421875 0.048828125 0.0390625
4 0.6181640625 0.2333984375 0.072265625 0.0439453125
10 0.767578125 0.373046875 0.111328125 0.103515625
4 0.2734375 0.26171875 0.072265625 0.046875
10 0.623046875 0.3681640625 0.1123046875 0.146484375
10 0.4619140625 0.365234375 0.1064453125 0.123046875
10 0.27734375 0.369140625 0.1123046875 0.111328125
2 0.810546875 0.4326171875 0.0361328125 0.0654296875
2 0.7607421875 0.4248046875 0.0498046875 0.0498046875
2 0.658203125 0.4306640625 0.0517578125 0.0390625
2 0.5615234375 0.4287109375 0.0546875 0.0439453125
2 0.4970703125 0.4287109375 0.0576171875 0.060546875