0 0.38671875 0.4931640625 0.361328125 0.970703125
0 0.732421875 0.4873046875 0.5029296875 0.935546875
9 0.1865234375 0.6474609375 0.259765625 0.4716796875
9 0.75390625 0.5419921875 0.474609375 0.5576171875
0 0.185546875 0.505859375 0.3564453125 0.8486328125
9 0.841796875 0.869140625 0.150390625 0.15625
0 0.73828125 0.416015625 0.513671875 0.8232421875
10 0.3935546875 0.626953125 0.3642578125 0.7314453125
3 0.365234375 0.1796875 0.1796875 0.111328125
3 0.6201171875 0.265625 0.130859375 0.072265625
4 0.07421875 0.19140625 0.1484375 0.189453125
0 0.4287109375 0.494140625 0.462890625 0.98828125
4 0.640625 0.111328125 0.2578125 0.2216796875
4 0.3447265625 0.0712890625 0.224609375 0.1328125
0 0.1875 0.513671875 0.375 0.845703125