4 0.650390625 0.2880859375 0.0673828125 0.0517578125
4 0.6298828125 0.341796875 0.0732421875 0.060546875
4 0.66015625 0.3427734375 0.056640625 0.052734375
4 0.7294921875 0.263671875 0.0654296875 0.0439453125
4 0.77734375 0.314453125 0.060546875 0.0654296875
0 0.1875 0.279296875 0.064453125 0.150390625
4 0.73046875 0.564453125 0.140625 0.1015625
4 0.806640625 0.3740234375 0.078125 0.068359375
4 0.5234375 0.197265625 0.0341796875 0.046875
4 0.662109375 0.52734375 0.1123046875 0.115234375
4 0.314453125 0.640625 0.142578125 0.1044921875
0 0.5166015625 0.2431640625 0.064453125 0.1611328125
0 0.5869140625 0.232421875 0.064453125 0.111328125
0 0.6396484375 0.224609375 0.064453125 0.1064453125
4 0.3310546875 0.1904296875 0.029296875 0.0341796875
4 0.11328125 0.2001953125 0.033203125 0.0283203125
4 0.16796875 0.205078125 0.0283203125 0.0283203125
0 0.3466796875 0.6953125 0.3095703125 0.2998046875
0 0.7734375 0.6533203125 0.220703125 0.265625
0 0.798828125 0.4404296875 0.134765625 0.197265625
0 0.0771484375 0.4814453125 0.095703125 0.279296875
0 0.6513671875 0.4990234375 0.0986328125 0.3642578125
0 0.2861328125 0.236328125 0.046875 0.115234375
0 0.3515625 0.23046875 0.064453125 0.111328125
4 0.580078125 0.1884765625 0.060546875 0.029296875
10 0.6298828125 0.228515625 0.060546875 0.076171875
10 0.5888671875 0.240234375 0.0517578125 0.078125
10 0.5185546875 0.216796875 0.041015625 0.0751953125
10 0.35546875 0.244140625 0.060546875 0.1015625
10 0.28125 0.25 0.0517578125 0.1015625
10 0.115234375 0.236328125 0.046875 0.0732421875
10 0.654296875 0.3583984375 0.09375 0.119140625
10 0.7783203125 0.466796875 0.1455078125 0.208984375
4 0.349609375 0.193359375 0.033203125 0.041015625
10 0.787109375 0.7333984375 0.2529296875 0.2001953125
10 0.3486328125 0.76953125 0.251953125 0.130859375
10 0.1708984375 0.2392578125 0.046875 0.0546875