10 0.5361328125 0.4814453125 0.0341796875 0.044921875
4 0.490234375 0.4560546875 0.0234375 0.013671875
10 0.490234375 0.4990234375 0.041015625 0.060546875
4 0.31640625 0.4541015625 0.0234375 0.015625
4 0.279296875 0.45703125 0.0234375 0.015625
0 0.27734375 0.490234375 0.0498046875 0.126953125
0 0.49609375 0.5224609375 0.0439453125 0.169921875
0 0.533203125 0.49609375 0.056640625 0.1533203125
4 0.521484375 0.4443359375 0.0234375 0.015625
4 0.697265625 0.4541015625 0.0234375 0.015625
4 0.48046875 0.447265625 0.0234375 0.015625
10 0.28125 0.4892578125 0.0341796875 0.044921875
10 0.322265625 0.494140625 0.0341796875 0.044921875
10 0.701171875 0.5078125 0.044921875 0.068359375
0 0.3310546875 0.509765625 0.0625 0.1669921875
0 0.7060546875 0.517578125 0.099609375 0.171875