1 0.4658203125 0.921875 0.0654296875 0.125
10 0.501953125 0.416015625 0.1376953125 0.337890625
4 0.5078125 0.138671875 0.1015625 0.1201171875
0 0.5126953125 0.513671875 0.2265625 0.921875
10 0.5166015625 0.4150390625 0.169921875 0.3701171875
2 0.177734375 0.369140625 0.068359375 0.0966796875
1 0.521484375 0.8564453125 0.0908203125 0.103515625
1 0.466796875 0.923828125 0.0576171875 0.103515625
1 0.5205078125 0.859375 0.076171875 0.107421875
2 0.16015625 0.3779296875 0.0810546875 0.0888671875
4 0.5029296875 0.134765625 0.1064453125 0.1044921875