0 0.7724609375 0.3896484375 0.4169921875 0.650390625
9 0.3798828125 0.427734375 0.2666015625 0.3125
8 0.7451171875 0.10546875 0.1328125 0.083984375
8 0.4033203125 0.1328125 0.1328125 0.083984375
6 0.818359375 0.623046875 0.10546875 0.0791015625
6 0.3798828125 0.482421875 0.10546875 0.0791015625
7 0.7001953125 0.171875 0.1064453125 0.0244140625
0 0.3427734375 0.3818359375 0.4169921875 0.650390625
9 0.7421875 0.439453125 0.2431640625 0.3115234375
7 0.40234375 0.1865234375 0.1064453125 0.0244140625
6 0.2607421875 0.384765625 0.10546875 0.0791015625