0 0.603515625 0.587890625 0.1875 0.4814453125
0 0.412109375 0.5947265625 0.224609375 0.46875
0 0.201171875 0.607421875 0.2060546875 0.4296875
4 0.8115234375 0.421875 0.099609375 0.0654296875
4 0.5927734375 0.392578125 0.068359375 0.060546875
4 0.197265625 0.4462890625 0.0810546875 0.060546875
4 0.3876953125 0.4111328125 0.0859375 0.0732421875
0 0.8125 0.59765625 0.1953125 0.462890625
10 0.185546875 0.580078125 0.142578125 0.173828125
10 0.3935546875 0.564453125 0.15625 0.2314453125
10 0.6123046875 0.5625 0.177734375 0.212890625
10 0.810546875 0.580078125 0.1357421875 0.2080078125