0 0.544921875 0.4482421875 0.732421875 0.365234375
1 0.8017578125 0.494140625 0.025390625 0.046875
1 0.826171875 0.435546875 0.0859375 0.091796875
2 0.583984375 0.580078125 0.0859375 0.072265625
2 0.5478515625 0.330078125 0.0673828125 0.0703125
10 0.4521484375 0.462890625 0.2529296875 0.193359375
4 0.25 0.462890625 0.0830078125 0.119140625
2 0.5888671875 0.5849609375 0.103515625 0.076171875
2 0.5498046875 0.3232421875 0.0859375 0.080078125
4 0.244140625 0.4609375 0.0966796875 0.1171875
10 0.458984375 0.4609375 0.2685546875 0.203125
1 0.841796875 0.435546875 0.078125 0.0966796875
1 0.80078125 0.498046875 0.048828125 0.060546875