1 0.681640625 0.7646484375 0.052734375 0.0859375
4 0.189453125 0.16796875 0.1123046875 0.0439453125
4 0.501953125 0.1513671875 0.1044921875 0.0654296875
4 0.7333984375 0.126953125 0.119140625 0.0703125
3 0.19921875 0.2021484375 0.080078125 0.0234375
3 0.5244140625 0.1982421875 0.083984375 0.0185546875
3 0.7255859375 0.1787109375 0.083984375 0.0361328125
2 0.6650390625 0.455078125 0.0595703125 0.0546875
2 0.1181640625 0.5263671875 0.025390625 0.044921875
1 0.177734375 0.8173828125 0.080078125 0.0673828125
1 0.212890625 0.783203125 0.037109375 0.048828125
1 0.4638671875 0.80078125 0.080078125 0.068359375
1 0.537109375 0.7900390625 0.091796875 0.0751953125
1 0.7783203125 0.814453125 0.099609375 0.072265625
10 0.505859375 0.490234375 0.1875 0.494140625
10 0.2099609375 0.490234375 0.1875 0.494140625
10 0.7294921875 0.4658203125 0.1875 0.494140625
0 0.2080078125 0.5087890625 0.236328125 0.751953125
0 0.50390625 0.482421875 0.236328125 0.751953125
0 0.75390625 0.462890625 0.236328125 0.751953125
0 0.201171875 0.4990234375 0.2861328125 0.7236328125
0 0.5029296875 0.4794921875 0.21875 0.7392578125
0 0.7392578125 0.462890625 0.2158203125 0.791015625
9 0.490234375 0.337890625 0.076171875 0.0654296875
10 0.203125 0.5380859375 0.2314453125 0.544921875
10 0.5029296875 0.48828125 0.169921875 0.5078125
10 0.728515625 0.4658203125 0.1669921875 0.498046875