0 0.5166015625 0.5625 0.2353515625 0.3134765625
0 0.708984375 0.560546875 0.166015625 0.2236328125
0 0.876953125 0.54296875 0.19921875 0.216796875
6 0.201171875 0.6181640625 0.0888671875 0.08203125
9 0.873046875 0.6005859375 0.22265625 0.1796875
9 0.724609375 0.603515625 0.25390625 0.203125
9 0.5283203125 0.6083984375 0.2763671875 0.23828125
9 0.322265625 0.6396484375 0.220703125 0.279296875
6 0.314453125 0.720703125 0.0634765625 0.0478515625
6 0.58203125 0.6748046875 0.0859375 0.041015625
6 0.580078125 0.6904296875 0.06640625 0.05859375
6 0.86328125 0.669921875 0.0322265625 0.05859375
9 0.162109375 0.6513671875 0.2724609375 0.2724609375
6 0.94140625 0.66015625 0.0751953125 0.056640625
0 0.142578125 0.5830078125 0.2451171875 0.3701171875
7 0.875 0.5107421875 0.072265625 0.0322265625
7 0.521484375 0.4873046875 0.06640625 0.052734375
7 0.73046875 0.5234375 0.0615234375 0.0361328125
7 0.31640625 0.5009765625 0.0810546875 0.046875
7 0.189453125 0.484375 0.0654296875 0.0263671875
8 0.87109375 0.4794921875 0.1044921875 0.091796875
8 0.70703125 0.4853515625 0.111328125 0.087890625
8 0.517578125 0.4482421875 0.1318359375 0.09375
8 0.302734375 0.453125 0.1162109375 0.0830078125
8 0.173828125 0.443359375 0.1298828125 0.1171875
0 0.3203125 0.5751953125 0.185546875 0.2841796875