1 0.451171875 0.740234375 0.0498046875 0.083984375
1 0.416015625 0.705078125 0.044921875 0.078125
1 0.5751953125 0.849609375 0.0498046875 0.123046875
1 0.484375 0.8408203125 0.0576171875 0.134765625
1 0.25 0.884765625 0.0732421875 0.1357421875
1 0.162109375 0.8349609375 0.0703125 0.119140625
1 0.146484375 0.623046875 0.0439453125 0.1279296875
1 0.072265625 0.603515625 0.0595703125 0.140625
10 0.451171875 0.49609375 0.0341796875 0.123046875
10 0.33984375 0.3857421875 0.072265625 0.1123046875
10 0.513671875 0.515625 0.0673828125 0.125
10 0.6123046875 0.6162109375 0.0908203125 0.1826171875
10 0.353515625 0.517578125 0.1689453125 0.2578125
10 0.21875 0.361328125 0.1064453125 0.1953125
4 0.529296875 0.4453125 0.044921875 0.076171875
4 0.380859375 0.294921875 0.0390625 0.0498046875
4 0.4775390625 0.40234375 0.0341796875 0.0341796875
4 0.677734375 0.505859375 0.0439453125 0.0595703125
4 0.4599609375 0.3056640625 0.0498046875 0.0673828125
4 0.28125 0.2412109375 0.044921875 0.046875