0 0.86328125 0.611328125 0.2412109375 0.5341796875
0 0.62109375 0.5283203125 0.3583984375 0.6943359375
0 0.259765625 0.5390625 0.3505859375 0.671875
8 0.845703125 0.4169921875 0.1650390625 0.078125
8 0.55859375 0.220703125 0.1650390625 0.078125
8 0.34375 0.2548828125 0.1650390625 0.078125
7 0.552734375 0.2939453125 0.125 0.0498046875
9 0.599609375 0.6474609375 0.2685546875 0.421875
7 0.341796875 0.3193359375 0.125 0.0498046875
9 0.8505859375 0.6796875 0.2685546875 0.421875
9 0.2783203125 0.6416015625 0.2685546875 0.421875