8 0.421875 0.1865234375 0.138671875 0.1103515625
8 0.283203125 0.265625 0.158203125 0.1513671875
7 0.4130859375 0.2099609375 0.095703125 0.0546875
7 0.0361328125 0.333984375 0.072265625 0.0390625
8 0.76953125 0.1591796875 0.236328125 0.2041015625
8 0.0361328125 0.31640625 0.072265625 0.1044921875
0 0.732421875 0.5048828125 0.484375 0.88671875
9 0.08984375 0.4921875 0.1796875 0.23828125
9 0.814453125 0.4130859375 0.3232421875 0.3447265625
9 0.3984375 0.4130859375 0.234375 0.26171875
0 0.423828125 0.5166015625 0.35546875 0.82421875
0 0.263671875 0.3310546875 0.177734375 0.26171875
0 0.1337890625 0.58203125 0.267578125 0.671875
6 0.6435546875 0.5732421875 0.07421875 0.0986328125
6 0.419921875 0.5634765625 0.08203125 0.0986328125
6 0.3994140625 0.4970703125 0.0537109375 0.0634765625
6 0.287109375 0.4677734375 0.091796875 0.0771484375
6 0.044921875 0.5732421875 0.08984375 0.0791015625
7 0.724609375 0.158203125 0.0400390625 0.0595703125