5 0.728515625 0.775390625 0.0615234375 0.0498046875
6 0.390625 0.5546875 0.072265625 0.0556640625
6 0.73046875 0.548828125 0.072265625 0.0556640625
9 0.712890625 0.4501953125 0.12109375 0.1923828125
9 0.283203125 0.5205078125 0.2490234375 0.189453125
0 0.357421875 0.57421875 0.458984375 0.5224609375
0 0.728515625 0.54296875 0.2138671875 0.5693359375
8 0.279296875 0.3505859375 0.1142578125 0.0634765625
8 0.703125 0.2861328125 0.1142578125 0.0634765625
7 0.2880859375 0.376953125 0.0751953125 0.033203125
7 0.697265625 0.314453125 0.0751953125 0.033203125
5 0.525390625 0.7978515625 0.0966796875 0.072265625
5 0.669921875 0.7646484375 0.0615234375 0.0498046875
6 0.28125 0.564453125 0.072265625 0.0556640625