0 0.224609375 0.5029296875 0.1298828125 0.470703125
0 0.3349609375 0.486328125 0.064453125 0.3857421875
0 0.396484375 0.6328125 0.162109375 0.6513671875
0 0.5498046875 0.5400390625 0.078125 0.4658203125
0 0.673828125 0.623046875 0.1357421875 0.4873046875
4 0.3623046875 0.3232421875 0.029296875 0.041015625
4 0.4443359375 0.322265625 0.0546875 0.0673828125
4 0.4814453125 0.404296875 0.0390625 0.0439453125
4 0.544921875 0.4140625 0.0390625 0.0439453125
4 0.6884765625 0.423828125 0.0498046875 0.0439453125
10 0.23828125 0.439453125 0.095703125 0.1826171875
10 0.3466796875 0.44140625 0.0498046875 0.123046875
10 0.48828125 0.4990234375 0.0625 0.123046875
10 0.564453125 0.490234375 0.095703125 0.123046875
4 0.2548828125 0.3046875 0.0390625 0.0439453125
10 0.3916015625 0.533203125 0.1015625 0.2705078125
10 0.66796875 0.5615234375 0.095703125 0.197265625