7 0.951171875 0.2958984375 0.02734375 0.0126953125
0 0.7265625 0.34375 0.060546875 0.1708984375
9 0.37109375 0.4443359375 0.193359375 0.2724609375
9 0.5859375 0.4814453125 0.1806640625 0.2138671875
9 0.857421875 0.3740234375 0.076171875 0.1201171875
9 0.974609375 0.3955078125 0.05078125 0.15625
9 0.0634765625 0.3525390625 0.126953125 0.203125
9 0.21484375 0.4052734375 0.1396484375 0.21875
0 0.767578125 0.3486328125 0.044921875 0.1572265625
8 0.5751953125 0.2978515625 0.0908203125 0.0595703125
8 0.396484375 0.2529296875 0.119140625 0.1064453125
8 0.224609375 0.2314453125 0.076171875 0.0673828125
8 0.0302734375 0.2041015625 0.060546875 0.07421875
8 0.8623046875 0.2890625 0.0517578125 0.0556640625
8 0.9453125 0.2890625 0.037109375 0.03515625
7 0.033203125 0.224609375 0.044921875 0.015625
7 0.232421875 0.2568359375 0.048828125 0.0166015625
7 0.57421875 0.3212890625 0.0576171875 0.02734375
7 0.86328125 0.2958984375 0.025390625 0.0146484375
0 0.84375 0.4140625 0.1005859375 0.2939453125
6 0.8349609375 0.4169921875 0.025390625 0.02734375
6 0.875 0.4228515625 0.017578125 0.0390625
6 0.923828125 0.388671875 0.037109375 0.0244140625
0 0.203125 0.404296875 0.1435546875 0.40625
1 0.83984375 0.5126953125 0.048828125 0.0498046875
1 0.8125 0.5185546875 0.0341796875 0.0458984375
6 0.2353515625 0.4638671875 0.060546875 0.0400390625
6 0.66015625 0.5859375 0.0419921875 0.0546875
6 0.568359375 0.4580078125 0.0576171875 0.0732421875
0 0.384765625 0.4072265625 0.224609375 0.390625
6 0.55859375 0.3935546875 0.0712890625 0.0556640625
6 0.5244140625 0.4111328125 0.0654296875 0.0791015625
0 0.58984375 0.4384765625 0.1943359375 0.33984375