0 0.6259765625 0.587890625 0.251953125 0.814453125
2 0.2861328125 0.666015625 0.0576171875 0.0888671875
2 0.453125 0.41796875 0.095703125 0.0654296875
2 0.6513671875 0.322265625 0.0576171875 0.0859375
2 0.689453125 0.3193359375 0.046875 0.0625
4 0.3740234375 0.3310546875 0.1015625 0.099609375
4 0.578125 0.236328125 0.0888671875 0.0908203125
10 0.4189453125 0.677734375 0.173828125 0.5625
1 0.3701171875 0.9609375 0.0888671875 0.068359375
1 0.453125 0.884765625 0.060546875 0.107421875
1 0.623046875 0.916015625 0.0673828125 0.1015625
1 0.662109375 0.88671875 0.083984375 0.130859375
10 0.638671875 0.6015625 0.2236328125 0.580078125
0 0.376953125 0.625 0.296875 0.7109375