2 0.6181640625 0.3984375 0.0517578125 0.068359375
2 0.7099609375 0.4287109375 0.0576171875 0.078125
2 0.88671875 0.462890625 0.060546875 0.0859375
2 0.0576171875 0.4912109375 0.060546875 0.0751953125
2 0.349609375 0.4140625 0.0625 0.060546875
2 0.4130859375 0.3984375 0.056640625 0.072265625
4 0.8740234375 0.1884765625 0.078125 0.0732421875
1 0.5 0.630859375 0.060546875 0.0751953125
1 0.462890625 0.638671875 0.0673828125 0.0498046875
10 0.884765625 0.333984375 0.177734375 0.388671875
10 0.900390625 0.380859375 0.1142578125 0.3095703125
10 0.66796875 0.302734375 0.1689453125 0.283203125
10 0.462890625 0.310546875 0.1357421875 0.224609375
10 0.380859375 0.314453125 0.119140625 0.208984375
10 0.255859375 0.357421875 0.15625 0.2685546875
10 0.1708984375 0.3251953125 0.291015625 0.3466796875
4 0.919921875 0.0732421875 0.1220703125 0.1123046875
4 0.6640625 0.123046875 0.0859375 0.083984375
4 0.4658203125 0.1767578125 0.0732421875 0.0966796875
4 0.400390625 0.1611328125 0.0732421875 0.0888671875
4 0.2646484375 0.1826171875 0.083984375 0.076171875
4 0.1455078125 0.1181640625 0.095703125 0.0888671875
2 0.525390625 0.4111328125 0.0390625 0.0517578125
0 0.146484375 0.4306640625 0.2080078125 0.7529296875
2 0.298828125 0.44921875 0.048828125 0.087890625
3 0.390625 0.189453125 0.0732421875 0.033203125
0 0.9169921875 0.4365234375 0.1279296875 0.75
0 0.2578125 0.404296875 0.0986328125 0.5654296875
0 0.6572265625 0.376953125 0.205078125 0.591796875
0 0.47265625 0.3955078125 0.1142578125 0.5283203125
0 0.3916015625 0.376953125 0.09375 0.5263671875
2 0.2353515625 0.482421875 0.0576171875 0.0625
1 0.884765625 0.759765625 0.1064453125 0.083984375
1 0.6845703125 0.6396484375 0.0625 0.052734375
1 0.6240234375 0.6416015625 0.072265625 0.056640625