8 0.5009765625 0.220703125 0.087890625 0.0634765625
9 0.5009765625 0.6904296875 0.1533203125 0.185546875
9 0.6103515625 0.3310546875 0.1533203125 0.185546875
2 0.55859375 0.484375 0.0556640625 0.078125
2 0.587890625 0.400390625 0.0556640625 0.078125
6 0.345703125 0.76953125 0.0556640625 0.03125
6 0.3759765625 0.796875 0.0556640625 0.0322265625
5 0.271484375 0.8720703125 0.10546875 0.0458984375
5 0.2587890625 0.931640625 0.10546875 0.0458984375
5 0.71875 0.68359375 0.10546875 0.0458984375
5 0.775390625 0.6904296875 0.1064453125 0.07421875
8 0.4208984375 0.578125 0.087890625 0.0634765625
0 0.3828125 0.755859375 0.4208984375 0.439453125
0 0.626953125 0.4365234375 0.4287109375 0.568359375