2 0.52734375 0.755859375 0.0576171875 0.0732421875
2 0.384765625 0.662109375 0.0888671875 0.0986328125
2 0.44140625 0.720703125 0.0888671875 0.0732421875
4 0.5888671875 0.4521484375 0.080078125 0.0751953125
4 0.7255859375 0.8037109375 0.080078125 0.048828125
4 0.826171875 0.759765625 0.0654296875 0.064453125
10 0.3984375 0.470703125 0.1875 0.2373046875
10 0.50390625 0.576171875 0.134765625 0.1748046875
10 0.7177734375 0.9306640625 0.103515625 0.138671875
10 0.8232421875 0.91015625 0.107421875 0.1796875
1 0.400390625 0.8828125 0.078125 0.1279296875
1 0.498046875 0.90234375 0.076171875 0.080078125
0 0.509765625 0.6708984375 0.234375 0.552734375
0 0.197265625 0.4111328125 0.39453125 0.822265625
0 0.7099609375 0.8564453125 0.134765625 0.287109375
0 0.837890625 0.8564453125 0.13671875 0.287109375
3 0.3447265625 0.1171875 0.119140625 0.0283203125
10 0.251953125 0.232421875 0.208984375 0.404296875
2 0.205078125 0.5185546875 0.0888671875 0.0732421875
1 0.1171875 0.7841796875 0.095703125 0.1640625
1 0.255859375 0.95703125 0.138671875 0.0859375
1 0.0322265625 0.763671875 0.064453125 0.142578125
2 0.103515625 0.4775390625 0.0751953125 0.0986328125
4 0.515625 0.3515625 0.080078125 0.099609375