8 0.509765625 0.8125 0.2314453125 0.125
8 0.3349609375 0.771484375 0.2314453125 0.125
0 0.388671875 0.3818359375 0.4970703125 0.658203125
9 0.357421875 0.4013671875 0.2587890625 0.3525390625
8 0.119140625 0.8427734375 0.2314453125 0.125
8 0.328125 0.0830078125 0.1318359375 0.05859375
7 0.345703125 0.158203125 0.1083984375 0.0390625
6 0.248046875 0.6064453125 0.0859375 0.1083984375
6 0.583984375 0.5791015625 0.0859375 0.1083984375
8 0.33203125 0.892578125 0.2314453125 0.125
8 0.626953125 0.900390625 0.2314453125 0.125
8 0.8681640625 0.8271484375 0.2314453125 0.125
8 0.7001953125 0.822265625 0.2314453125 0.125