2 0.65234375 0.466796875 0.0595703125 0.056640625
0 0.751953125 0.5107421875 0.251953125 0.638671875
0 0.6435546875 0.5341796875 0.228515625 0.591796875
9 0.5927734375 0.51953125 0.0439453125 0.068359375
9 0.7578125 0.4091796875 0.2001953125 0.240234375
9 0.642578125 0.439453125 0.2001953125 0.240234375
1 0.734375 0.7724609375 0.1064453125 0.0703125
1 0.802734375 0.8017578125 0.0859375 0.0576171875
4 0.607421875 0.302734375 0.0888671875 0.0888671875
1 0.705078125 0.767578125 0.052734375 0.044921875
4 0.6787109375 0.2607421875 0.0888671875 0.0888671875
1 0.59765625 0.765625 0.1064453125 0.0703125