0 0.3896484375 0.421875 0.0400390625 0.0849609375
0 0.451171875 0.4404296875 0.076171875 0.12890625
0 0.552734375 0.4892578125 0.1201171875 0.27734375
0 0.662109375 0.5048828125 0.138671875 0.25
0 0.7890625 0.4912109375 0.142578125 0.2890625
0 0.34375 0.5068359375 0.1025390625 0.265625
0 0.216796875 0.564453125 0.1396484375 0.4423828125
6 0.7998046875 0.517578125 0.0341796875 0.0458984375
6 0.76171875 0.529296875 0.01953125 0.052734375
6 0.6923828125 0.5087890625 0.037109375 0.0341796875
6 0.6484375 0.5390625 0.0224609375 0.029296875
6 0.548828125 0.5078125 0.0390625 0.0400390625
6 0.40625 0.4775390625 0.0283203125 0.0283203125
6 0.294921875 0.5341796875 0.025390625 0.04296875
6 0.2734375 0.5322265625 0.0205078125 0.041015625
6 0.19921875 0.572265625 0.046875 0.0498046875
7 0.755859375 0.37890625 0.0341796875 0.0166015625
7 0.6767578125 0.4208984375 0.046875 0.0205078125
7 0.5390625 0.3984375 0.037109375 0.0205078125
7 0.4453125 0.416015625 0.029296875 0.01953125
7 0.392578125 0.4189453125 0.029296875 0.0107421875
9 0.796875 0.5341796875 0.181640625 0.2734375
7 0.359375 0.4111328125 0.03515625 0.0234375
7 0.251953125 0.4111328125 0.0458984375 0.025390625
8 0.755859375 0.365234375 0.0419921875 0.0498046875
8 0.6767578125 0.4111328125 0.046875 0.046875
8 0.541015625 0.38671875 0.0537109375 0.0400390625
8 0.4453125 0.4052734375 0.0400390625 0.0380859375
8 0.396484375 0.4130859375 0.0361328125 0.041015625
8 0.353515625 0.3974609375 0.041015625 0.0341796875
8 0.248046875 0.392578125 0.048828125 0.0380859375
9 0.33984375 0.529296875 0.142578125 0.27734375
9 0.67578125 0.5546875 0.138671875 0.283203125
9 0.548828125 0.52734375 0.1494140625 0.2412109375
9 0.455078125 0.5224609375 0.09765625 0.2099609375
9 0.22265625 0.53125 0.142578125 0.232421875