10 0.6123046875 0.55859375 0.0908203125 0.203125
10 0.7587890625 0.619140625 0.1669921875 0.3642578125
4 0.5029296875 0.421875 0.0595703125 0.056640625
4 0.5517578125 0.4189453125 0.0654296875 0.0498046875
4 0.615234375 0.4326171875 0.0546875 0.0517578125
4 0.7802734375 0.400390625 0.083984375 0.0830078125
2 0.3994140625 0.591796875 0.041015625 0.044921875
2 0.453125 0.58203125 0.033203125 0.046875
2 0.486328125 0.58203125 0.0361328125 0.0517578125
2 0.537109375 0.5791015625 0.0439453125 0.037109375
2 0.6796875 0.5302734375 0.046875 0.048828125
1 0.4091796875 0.736328125 0.0390625 0.041015625
1 0.451171875 0.7197265625 0.0673828125 0.052734375
1 0.48828125 0.7099609375 0.033203125 0.0341796875
1 0.525390625 0.705078125 0.056640625 0.044921875
1 0.5478515625 0.68359375 0.0390625 0.056640625
0 0.7548828125 0.595703125 0.197265625 0.427734375
0 0.6064453125 0.5537109375 0.103515625 0.310546875
0 0.576171875 0.572265625 0.1123046875 0.365234375
0 0.494140625 0.5732421875 0.1123046875 0.359375
0 0.412109375 0.56640625 0.158203125 0.421875
1 0.564453125 0.671875 0.0625 0.037109375
1 0.5927734375 0.6572265625 0.0517578125 0.044921875
1 0.6240234375 0.6572265625 0.0546875 0.044921875
4 0.41796875 0.3994140625 0.064453125 0.0546875
1 0.7470703125 0.783203125 0.078125 0.052734375
10 0.421875 0.587890625 0.125 0.3095703125
10 0.501953125 0.58203125 0.103515625 0.2734375
10 0.5498046875 0.564453125 0.0859375 0.255859375