10 0.19140625 0.205078125 0.150390625 0.357421875
4 0.4248046875 0.1396484375 0.0732421875 0.111328125
10 0.3232421875 0.333984375 0.1748046875 0.318359375
10 0.7333984375 0.7216796875 0.208984375 0.330078125
10 0.642578125 0.47265625 0.173828125 0.236328125
10 0.5205078125 0.396484375 0.1796875 0.2705078125
10 0.447265625 0.32421875 0.091796875 0.1796875
4 0.5166015625 0.1943359375 0.0517578125 0.076171875
4 0.87109375 0.5361328125 0.0732421875 0.109375
4 0.7333984375 0.333984375 0.0625 0.095703125
4 0.673828125 0.263671875 0.0576171875 0.078125
4 0.623046875 0.193359375 0.0859375 0.111328125