6 0.4697265625 0.779296875 0.1083984375 0.11328125
9 0.4599609375 0.5615234375 0.1025390625 0.2509765625
9 0.626953125 0.552734375 0.2490234375 0.3359375
0 0.41796875 0.5439453125 0.3681640625 0.58203125
0 0.6201171875 0.5087890625 0.4306640625 0.6630859375
8 0.482421875 0.37109375 0.1640625 0.154296875
8 0.5693359375 0.291015625 0.19921875 0.2275390625
7 0.474609375 0.3642578125 0.1298828125 0.076171875
7 0.533203125 0.29296875 0.1494140625 0.0908203125
6 0.2890625 0.6103515625 0.158203125 0.1044921875
6 0.4326171875 0.765625 0.12109375 0.1279296875