6 0.298828125 0.5478515625 0.173828125 0.14453125
0 0.380859375 0.5068359375 0.484375 0.6650390625
0 0.6884765625 0.521484375 0.5283203125 0.6708984375
3 0.376953125 0.3408203125 0.2509765625 0.099609375
8 0.77734375 0.3505859375 0.2900390625 0.3291015625
8 0.3779296875 0.3173828125 0.2578125 0.3046875
3 0.7822265625 0.3583984375 0.2880859375 0.138671875
6 0.1708984375 0.4873046875 0.1298828125 0.1708984375
6 0.50390625 0.42578125 0.18359375 0.1494140625
6 0.505859375 0.509765625 0.1962890625 0.1708984375
9 0.375 0.6474609375 0.392578125 0.369140625
9 0.7333984375 0.654296875 0.4404296875 0.3818359375