9 0.408203125 0.4794921875 0.046875 0.044921875
1 0.369140625 0.5576171875 0.0810546875 0.044921875
1 0.66015625 0.673828125 0.087890625 0.046875
1 0.7314453125 0.6474609375 0.0732421875 0.0439453125
1 0.3916015625 0.6416015625 0.0625 0.0654296875
9 0.681640625 0.65234375 0.0576171875 0.048828125
9 0.3857421875 0.5751953125 0.0595703125 0.041015625
9 0.5126953125 0.5673828125 0.083984375 0.083984375
4 0.53125 0.482421875 0.0732421875 0.0595703125
4 0.6162109375 0.515625 0.080078125 0.060546875
9 0.51953125 0.5458984375 0.111328125 0.0986328125
9 0.6044921875 0.5517578125 0.1171875 0.1015625
0 0.658203125 0.587890625 0.234375 0.21875
0 0.4443359375 0.5322265625 0.267578125 0.177734375
9 0.5888671875 0.6455078125 0.056640625 0.060546875