10 0.2978515625 0.646484375 0.123046875 0.267578125
10 0.4248046875 0.6298828125 0.1611328125 0.3251953125
0 0.4091796875 0.56640625 0.197265625 0.5732421875
0 0.306640625 0.595703125 0.15625 0.4140625
0 0.2099609375 0.5703125 0.1201171875 0.408203125
0 0.9384765625 0.5849609375 0.123046875 0.505859375
0 0.634765625 0.5263671875 0.361328125 0.6767578125
10 0.9423828125 0.669921875 0.115234375 0.3359375
10 0.626953125 0.63671875 0.259765625 0.3935546875
4 0.595703125 0.26953125 0.197265625 0.123046875
4 0.4033203125 0.3505859375 0.1376953125 0.109375
4 0.328125 0.447265625 0.103515625 0.083984375
4 0.234375 0.42578125 0.0888671875 0.0908203125
4 0.7177734375 0.37109375 0.1015625 0.0966796875
4 0.966796875 0.376953125 0.0654296875 0.1015625
4 0.921875 0.412109375 0.0673828125 0.046875
4 0.8935546875 0.4677734375 0.0703125 0.0595703125
4 0.7900390625 0.4599609375 0.0673828125 0.072265625
10 0.205078125 0.6171875 0.083984375 0.21875