9 0.45703125 0.7041015625 0.314453125 0.3544921875
8 0.8984375 0.5439453125 0.1337890625 0.0712890625
7 0.0234375 0.53515625 0.046875 0.03125
7 0.455078125 0.40234375 0.1083984375 0.0341796875
6 0.609375 0.591796875 0.1376953125 0.1455078125
6 0.5390625 0.525390625 0.1376953125 0.1455078125
7 0.9326171875 0.5712890625 0.0869140625 0.03125
9 0.107421875 0.759765625 0.205078125 0.23046875
9 0.9072265625 0.7705078125 0.1630859375 0.2080078125
0 0.48046875 0.6044921875 0.44921875 0.6064453125
0 0.130859375 0.6572265625 0.2607421875 0.4326171875
0 0.87890625 0.7236328125 0.2412109375 0.4140625
8 0.44140625 0.3369140625 0.1337890625 0.0712890625
8 0.04296875 0.466796875 0.0859375 0.0703125