9 0.80078125 0.5283203125 0.2548828125 0.302734375
10 0.279296875 0.5205078125 0.263671875 0.2919921875
4 0.7392578125 0.3037109375 0.109375 0.091796875
4 0.564453125 0.27734375 0.1435546875 0.109375
4 0.279296875 0.26171875 0.1767578125 0.1064453125
0 0.44140625 0.626953125 0.349609375 0.466796875
0 0.2548828125 0.4306640625 0.302734375 0.509765625
0 0.591796875 0.4541015625 0.255859375 0.505859375
0 0.8017578125 0.515625 0.28125 0.5263671875
9 0.4501953125 0.6884765625 0.373046875 0.2548828125
9 0.623046875 0.48828125 0.2734375 0.2294921875