10 0.91015625 0.595703125 0.1796875 0.3623046875
0 0.9140625 0.609375 0.169921875 0.7705078125
2 0.841796875 0.7421875 0.052734375 0.083984375
2 0.982421875 0.7861328125 0.0341796875 0.1044921875
0 0.208984375 0.5009765625 0.2626953125 0.998046875
0 0.39453125 0.5751953125 0.173828125 0.84375
0 0.5576171875 0.62890625 0.173828125 0.7158203125
10 0.7294921875 0.6611328125 0.173828125 0.3251953125
10 0.544921875 0.568359375 0.146484375 0.3046875
10 0.3955078125 0.5537109375 0.1376953125 0.416015625
10 0.2177734375 0.599609375 0.2001953125 0.650390625
0 0.728515625 0.6728515625 0.1611328125 0.654296875
4 0.9453125 0.322265625 0.103515625 0.1298828125
4 0.7392578125 0.4287109375 0.091796875 0.1064453125
4 0.583984375 0.3837890625 0.0859375 0.15625
4 0.4375 0.2646484375 0.095703125 0.162109375
4 0.234375 0.107421875 0.169921875 0.1279296875