2 0.0615234375 0.326171875 0.1142578125 0.1640625
3 0.1630859375 0.3447265625 0.1328125 0.0810546875
10 0.166015625 0.6015625 0.33203125 0.4765625
10 0.861328125 0.623046875 0.2763671875 0.427734375
2 0.357421875 0.4267578125 0.185546875 0.203125
2 0.4951171875 0.6015625 0.1611328125 0.138671875
2 0.76171875 0.55859375 0.2421875 0.181640625
4 0.166015625 0.3037109375 0.205078125 0.1875
4 0.8828125 0.29296875 0.234375 0.162109375
0 0.82421875 0.513671875 0.3515625 0.6513671875
0 0.2265625 0.513671875 0.427734375 0.669921875