7 0.501953125 0.1484375 0.1025390625 0.0322265625
1 0.5068359375 0.83203125 0.1640625 0.1455078125
8 0.2919921875 0.1171875 0.1416015625 0.138671875
8 0.4892578125 0.119140625 0.197265625 0.099609375
8 0.7060546875 0.14453125 0.1357421875 0.123046875
7 0.302734375 0.1484375 0.0966796875 0.0517578125
9 0.69921875 0.404296875 0.2548828125 0.3505859375
7 0.6982421875 0.166015625 0.09375 0.0478515625
6 0.2529296875 0.2548828125 0.076171875 0.1064453125
6 0.505859375 0.5439453125 0.0830078125 0.083984375
6 0.7939453125 0.2548828125 0.0654296875 0.1064453125
0 0.2685546875 0.4296875 0.2607421875 0.775390625
0 0.484375 0.4462890625 0.208984375 0.7421875
0 0.7109375 0.447265625 0.2607421875 0.7548828125
1 0.4228515625 0.7822265625 0.109375 0.119140625
9 0.28515625 0.35546875 0.2265625 0.3037109375
9 0.4951171875 0.38671875 0.2705078125 0.4111328125