1 0.44921875 0.798828125 0.0908203125 0.0859375
10 0.462890625 0.5 0.1015625 0.2060546875
10 0.5751953125 0.5849609375 0.078125 0.169921875
10 0.6591796875 0.623046875 0.0830078125 0.125
10 0.853515625 0.8505859375 0.115234375 0.169921875
10 0.9248046875 0.80078125 0.078125 0.173828125
2 0.201171875 0.607421875 0.0625 0.1298828125
2 0.3095703125 0.623046875 0.0732421875 0.134765625
2 0.5009765625 0.6904296875 0.052734375 0.1044921875
2 0.5615234375 0.71875 0.056640625 0.083984375
2 0.6494140625 0.7216796875 0.044921875 0.0654296875
2 0.95703125 0.9482421875 0.046875 0.078125
10 0.2529296875 0.353515625 0.154296875 0.3515625
4 0.90625 0.6357421875 0.0576171875 0.0732421875
4 0.837890625 0.7109375 0.052734375 0.0595703125
4 0.6123046875 0.458984375 0.078125 0.0576171875
4 0.525390625 0.3857421875 0.0830078125 0.1298828125
4 0.267578125 0.0849609375 0.125 0.080078125
1 0.2138671875 0.8662109375 0.083984375 0.2265625
1 0.3017578125 0.857421875 0.0986328125 0.1953125
1 0.4794921875 0.96484375 0.162109375 0.0625
1 0.560546875 0.875 0.0654296875 0.1064453125
1 0.6630859375 0.869140625 0.115234375 0.0654296875
0 0.83984375 0.830078125 0.1748046875 0.3359375
0 0.927734375 0.771484375 0.1435546875 0.443359375
0 0.6162109375 0.6708984375 0.158203125 0.53125
0 0.4814453125 0.6474609375 0.177734375 0.705078125
0 0.236328125 0.5107421875 0.326171875 0.9560546875