8 0.78515625 0.189453125 0.1748046875 0.07421875
7 0.248046875 0.267578125 0.1162109375 0.037109375
7 0.5126953125 0.30859375 0.1162109375 0.037109375
7 0.7734375 0.2412109375 0.1162109375 0.037109375
6 0.2509765625 0.5966796875 0.0859375 0.0859375
6 0.4482421875 0.5986328125 0.083984375 0.0869140625
6 0.576171875 0.5966796875 0.083984375 0.0869140625
6 0.60546875 0.357421875 0.083984375 0.0869140625
9 0.2265625 0.49609375 0.26953125 0.2958984375
0 0.8408203125 0.537109375 0.318359375 0.7861328125
8 0.20703125 0.193359375 0.1748046875 0.07421875
8 0.5078125 0.2529296875 0.1748046875 0.07421875
0 0.53125 0.537109375 0.337890625 0.7861328125
0 0.205078125 0.5322265625 0.337890625 0.7861328125
9 0.78515625 0.46484375 0.3095703125 0.287109375
9 0.5126953125 0.5185546875 0.2412109375 0.298828125