9 0.248046875 0.5595703125 0.0419921875 0.0517578125
9 0.37109375 0.498046875 0.064453125 0.0517578125
10 0.2763671875 0.51953125 0.146484375 0.1015625
1 0.5087890625 0.662109375 0.052734375 0.0546875
1 0.544921875 0.64453125 0.0517578125 0.0576171875
10 0.7392578125 0.5107421875 0.0390625 0.0361328125
10 0.5361328125 0.4638671875 0.0888671875 0.080078125
1 0.2353515625 0.71875 0.0625 0.048828125
1 0.3017578125 0.677734375 0.060546875 0.0419921875
0 0.5419921875 0.5458984375 0.1591796875 0.328125
0 0.306640625 0.59765625 0.2265625 0.318359375
0 0.7490234375 0.5205078125 0.0732421875 0.1220703125
9 0.2900390625 0.59765625 0.0419921875 0.0517578125