2 0.5693359375 0.6328125 0.1201171875 0.1796875
1 0.693359375 0.880859375 0.15625 0.1689453125
1 0.6064453125 0.822265625 0.15625 0.1298828125
1 0.109375 0.6181640625 0.1015625 0.123046875
10 0.6708984375 0.45703125 0.380859375 0.875
10 0.4951171875 0.294921875 0.291015625 0.470703125
10 0.1376953125 0.48046875 0.2236328125 0.408203125
4 0.580078125 0.1513671875 0.2080078125 0.2685546875
4 0.396484375 0.2275390625 0.150390625 0.1904296875
4 0.1884765625 0.2861328125 0.107421875 0.1201171875
2 0.2470703125 0.3740234375 0.095703125 0.0732421875
2 0.3935546875 0.3896484375 0.095703125 0.1201171875
2 0.3056640625 0.470703125 0.107421875 0.0673828125
2 0.419921875 0.583984375 0.0859375 0.130859375
0 0.6494140625 0.48046875 0.34375 0.927734375
0 0.44921875 0.251953125 0.2783203125 0.396484375
0 0.154296875 0.466796875 0.2265625 0.513671875