0 0.904296875 0.5341796875 0.1904296875 0.599609375
7 0.341796875 0.314453125 0.1640625 0.0966796875
7 0.6318359375 0.310546875 0.181640625 0.10546875
0 0.703125 0.5048828125 0.4501953125 0.63671875
0 0.3681640625 0.5107421875 0.4765625 0.6416015625
9 0.32421875 0.615234375 0.3251953125 0.427734375
9 0.720703125 0.5751953125 0.390625 0.35546875
9 0.9423828125 0.5966796875 0.115234375 0.279296875
8 0.9384765625 0.40625 0.123046875 0.2421875
6 0.93359375 0.775390625 0.1318359375 0.1474609375
8 0.65234375 0.31640625 0.216796875 0.2275390625
7 0.9453125 0.400390625 0.1083984375 0.1083984375
6 0.4599609375 0.6669921875 0.1494140625 0.173828125
6 0.4990234375 0.6748046875 0.1669921875 0.1474609375
6 0.6640625 0.7802734375 0.1533203125 0.1142578125
8 0.3427734375 0.314453125 0.2060546875 0.2099609375