0 0.6494140625 0.599609375 0.09375 0.2265625
4 0.732421875 0.525390625 0.046875 0.0390625
4 0.6474609375 0.52734375 0.046875 0.0390625
4 0.560546875 0.541015625 0.046875 0.0390625
4 0.396484375 0.54296875 0.046875 0.0390625
4 0.318359375 0.568359375 0.046875 0.0390625
10 0.7392578125 0.607421875 0.0810546875 0.1015625
10 0.6494140625 0.611328125 0.0810546875 0.1015625
10 0.5576171875 0.6201171875 0.0810546875 0.1015625
10 0.396484375 0.6259765625 0.0810546875 0.1015625
10 0.318359375 0.6396484375 0.0810546875 0.1015625
10 0.2275390625 0.6201171875 0.0810546875 0.1015625
4 0.2353515625 0.544921875 0.046875 0.0390625
0 0.734375 0.5830078125 0.09375 0.2265625
0 0.8388671875 0.634765625 0.09375 0.2265625
0 0.5693359375 0.603515625 0.09375 0.2265625
0 0.47265625 0.60546875 0.09375 0.2265625
0 0.392578125 0.6162109375 0.09375 0.2265625
0 0.32421875 0.626953125 0.09375 0.2265625
0 0.2294921875 0.6123046875 0.09375 0.2265625
0 0.1044921875 0.6611328125 0.09375 0.2265625
0 0.041015625 0.662109375 0.0810546875 0.2265625
9 0.4697265625 0.5947265625 0.080078125 0.1435546875