1 0.3173828125 0.748046875 0.029296875 0.0341796875
4 0.681640625 0.46875 0.0498046875 0.0361328125
10 0.3447265625 0.556640625 0.0908203125 0.1064453125
1 0.361328125 0.7509765625 0.0341796875 0.0390625
1 0.4765625 0.751953125 0.041015625 0.0390625
1 0.525390625 0.7578125 0.0419921875 0.0390625
1 0.6474609375 0.76171875 0.0341796875 0.0390625
1 0.6865234375 0.7578125 0.0341796875 0.0390625
0 0.6806640625 0.599609375 0.1220703125 0.3564453125
0 0.51171875 0.6025390625 0.1220703125 0.3564453125
0 0.349609375 0.6083984375 0.1220703125 0.3564453125
9 0.509765625 0.5615234375 0.103515625 0.1435546875
10 0.6708984375 0.56640625 0.0908203125 0.1328125
4 0.50390625 0.458984375 0.0498046875 0.0361328125
4 0.3388671875 0.4599609375 0.0498046875 0.0361328125