0 0.6494140625 0.4375 0.2021484375 0.2265625
0 0.1416015625 0.4716796875 0.2568359375 0.2529296875
9 0.404296875 0.4921875 0.2451171875 0.1435546875
9 0.1337890625 0.5068359375 0.25 0.173828125
9 0.6591796875 0.4736328125 0.21484375 0.16796875
9 0.85546875 0.47265625 0.240234375 0.1669921875
7 0.11328125 0.4296875 0.12109375 0.0673828125
7 0.40234375 0.443359375 0.1064453125 0.0419921875
8 0.103515625 0.404296875 0.1298828125 0.1083984375
8 0.390625 0.3994140625 0.125 0.1025390625
0 0.87109375 0.419921875 0.23828125 0.2587890625
8 0.662109375 0.3779296875 0.1083984375 0.0888671875
8 0.86328125 0.345703125 0.0888671875 0.0908203125
7 0.65625 0.400390625 0.0791015625 0.046875
7 0.8798828125 0.361328125 0.0634765625 0.041015625
0 0.408203125 0.470703125 0.296875 0.26171875