4 0.26953125 0.328125 0.1279296875 0.1064453125
10 0.146484375 0.5595703125 0.236328125 0.359375
9 0.478515625 0.474609375 0.09375 0.03125
9 0.646484375 0.4521484375 0.09375 0.03125
9 0.8544921875 0.5009765625 0.09375 0.03125
0 0.4091796875 0.61328125 0.2265625 0.5029296875
0 0.6796875 0.6259765625 0.291015625 0.5732421875
0 0.8955078125 0.6455078125 0.208984375 0.509765625
0 0.1630859375 0.5703125 0.326171875 0.5966796875
9 0.2841796875 0.3798828125 0.09375 0.03125
10 0.892578125 0.6943359375 0.2138671875 0.3125
10 0.6455078125 0.62109375 0.236328125 0.271484375
10 0.41015625 0.646484375 0.236328125 0.3095703125
4 0.880859375 0.4560546875 0.115234375 0.072265625
4 0.6533203125 0.3955078125 0.1064453125 0.0732421875
4 0.478515625 0.4326171875 0.1171875 0.072265625