10 0.357421875 0.7080078125 0.1953125 0.1591796875
10 0.4130859375 0.6435546875 0.1953125 0.1669921875
10 0.408203125 0.521484375 0.0888671875 0.0908203125
10 0.51953125 0.404296875 0.095703125 0.1455078125
0 0.412109375 0.5009765625 0.1279296875 0.140625
0 0.4052734375 0.384765625 0.1142578125 0.173828125
0 0.3984375 0.626953125 0.234375 0.251953125
0 0.359375 0.728515625 0.2001953125 0.2314453125
0 0.439453125 0.462890625 0.142578125 0.3876953125
0 0.525390625 0.4501953125 0.1142578125 0.3330078125
0 0.623046875 0.455078125 0.1298828125 0.3984375
0 0.640625 0.3251953125 0.0908203125 0.212890625
0 0.6884765625 0.4833984375 0.1201171875 0.443359375
0 0.8671875 0.4658203125 0.1669921875 0.419921875
10 0.6484375 0.333984375 0.0625 0.0908203125
10 0.451171875 0.4150390625 0.083984375 0.150390625
4 0.37109375 0.556640625 0.0966796875 0.078125
10 0.6796875 0.4677734375 0.095703125 0.203125
10 0.865234375 0.4892578125 0.150390625 0.251953125
10 0.619140625 0.4267578125 0.1201171875 0.185546875
4 0.380859375 0.4697265625 0.0732421875 0.0654296875
4 0.3896484375 0.3173828125 0.068359375 0.0546875
4 0.416015625 0.3056640625 0.068359375 0.0732421875
4 0.5107421875 0.31640625 0.0517578125 0.0517578125
4 0.5556640625 0.3115234375 0.0546875 0.0517578125
4 0.603515625 0.3095703125 0.080078125 0.0732421875
4 0.6552734375 0.2841796875 0.0732421875 0.0673828125
4 0.6884765625 0.31640625 0.068359375 0.0810546875
4 0.8486328125 0.314453125 0.103515625 0.1171875