9 0.8828125 0.3427734375 0.2041015625 0.2158203125
7 0.83984375 0.19921875 0.12109375 0.04296875
7 0.71484375 0.2841796875 0.0927734375 0.0361328125
7 0.453125 0.2333984375 0.1064453125 0.0654296875
7 0.19921875 0.2021484375 0.1162109375 0.06640625
6 0.9091796875 0.40625 0.1171875 0.09765625
6 0.775390625 0.4677734375 0.0625 0.0947265625
6 0.66015625 0.466796875 0.064453125 0.0908203125
6 0.53125 0.4716796875 0.09765625 0.0986328125
6 0.40625 0.4755859375 0.09765625 0.0859375
6 0.2978515625 0.4501953125 0.115234375 0.1171875
6 0.1015625 0.4794921875 0.08203125 0.1083984375
5 0.861328125 0.7314453125 0.095703125 0.1279296875
5 0.7109375 0.7568359375 0.1279296875 0.125
5 0.529296875 0.7626953125 0.123046875 0.1279296875
5 0.4521484375 0.8154296875 0.0908203125 0.1015625
0 0.8759765625 0.466796875 0.248046875 0.72265625
0 0.7314453125 0.5107421875 0.3115234375 0.6689453125
0 0.486328125 0.5048828125 0.3046875 0.7412109375
0 0.1884765625 0.50390625 0.376953125 0.77734375
8 0.21484375 0.1884765625 0.2041015625 0.1767578125
8 0.845703125 0.2001953125 0.1513671875 0.1328125
8 0.734375 0.2861328125 0.13671875 0.12109375
8 0.46875 0.240234375 0.162109375 0.1171875
9 0.21875 0.3701171875 0.2958984375 0.2421875
9 0.484375 0.4130859375 0.2587890625 0.2197265625
9 0.7421875 0.4150390625 0.2431640625 0.1845703125