2 0.48828125 0.59765625 0.056640625 0.0908203125
3 0.5 0.482421875 0.1044921875 0.0390625
2 0.724609375 0.609375 0.0732421875 0.0673828125
2 0.810546875 0.6259765625 0.103515625 0.0810546875
2 0.4052734375 0.5859375 0.0751953125 0.0732421875
10 0.818359375 0.568359375 0.166015625 0.1796875
10 0.6455078125 0.5302734375 0.201171875 0.181640625
10 0.353515625 0.5322265625 0.189453125 0.1357421875
10 0.4892578125 0.591796875 0.1357421875 0.1220703125
10 0.2119140625 0.5234375 0.2109375 0.1357421875
4 0.5048828125 0.4560546875 0.0986328125 0.0810546875
4 0.783203125 0.45703125 0.1328125 0.064453125
4 0.615234375 0.4111328125 0.1689453125 0.111328125
4 0.3876953125 0.423828125 0.126953125 0.078125
4 0.197265625 0.3916015625 0.162109375 0.103515625
0 0.208984375 0.482421875 0.2529296875 0.3017578125
0 0.375 0.513671875 0.1689453125 0.279296875
0 0.490234375 0.517578125 0.1435546875 0.2392578125
0 0.802734375 0.546875 0.173828125 0.271484375
0 0.6171875 0.494140625 0.2470703125 0.291015625
9 0.5947265625 0.423828125 0.080078125 0.0263671875
9 0.767578125 0.4892578125 0.0625 0.0283203125
9 0.400390625 0.451171875 0.060546875 0.0341796875