10 0.7119140625 0.4130859375 0.1044921875 0.1435546875
1 0.322265625 0.6376953125 0.0703125 0.0625
1 0.685546875 0.5966796875 0.0830078125 0.0576171875
1 0.685546875 0.6044921875 0.0888671875 0.052734375
1 0.794921875 0.494140625 0.0517578125 0.0703125
10 0.2998046875 0.4501953125 0.140625 0.181640625
2 0.345703125 0.447265625 0.03125 0.0576171875
2 0.6103515625 0.4541015625 0.037109375 0.0517578125
1 0.3251953125 0.6416015625 0.0810546875 0.0576171875
1 0.505859375 0.759765625 0.0439453125 0.0654296875
10 0.5234375 0.5498046875 0.173828125 0.2080078125
10 0.712890625 0.4140625 0.1171875 0.1669921875
4 0.720703125 0.31640625 0.0908203125 0.068359375
1 0.552734375 0.77734375 0.072265625 0.060546875
0 0.7021484375 0.4453125 0.220703125 0.3935546875
0 0.474609375 0.572265625 0.265625 0.4375
0 0.294921875 0.474609375 0.173828125 0.3828125
4 0.2802734375 0.337890625 0.0888671875 0.0673828125
4 0.283203125 0.34375 0.0830078125 0.0732421875
4 0.5126953125 0.4189453125 0.0888671875 0.0888671875
4 0.716796875 0.3203125 0.0966796875 0.064453125
10 0.3017578125 0.451171875 0.123046875 0.15625
10 0.509765625 0.548828125 0.158203125 0.212890625
1 0.787109375 0.4921875 0.056640625 0.0888671875
4 0.5107421875 0.41796875 0.0859375 0.0830078125