9 0.193359375 0.3994140625 0.1044921875 0.1904296875
9 0.455078125 0.4248046875 0.1591796875 0.1826171875
0 0.458984375 0.5205078125 0.3095703125 0.5634765625
5 0.02734375 0.5673828125 0.05078125 0.0791015625
5 0.357421875 0.6279296875 0.05078125 0.0791015625
5 0.361328125 0.740234375 0.05078125 0.0791015625
5 0.515625 0.7509765625 0.05078125 0.0791015625
5 0.734375 0.736328125 0.05078125 0.0791015625
5 0.5693359375 0.6357421875 0.05078125 0.0791015625
5 0.66796875 0.6005859375 0.05078125 0.0791015625
5 0.8046875 0.7646484375 0.05078125 0.0791015625
5 0.7763671875 0.6875 0.05078125 0.0791015625
5 0.271484375 0.65625 0.0703125 0.052734375
8 0.2021484375 0.25 0.072265625 0.03515625
8 0.45703125 0.26171875 0.072265625 0.03515625
8 0.5205078125 0.2421875 0.072265625 0.03515625
8 0.677734375 0.244140625 0.072265625 0.03515625
8 0.763671875 0.2724609375 0.072265625 0.03515625
7 0.224609375 0.2822265625 0.037109375 0.0185546875
7 0.6904296875 0.27734375 0.037109375 0.0185546875
0 0.154296875 0.4677734375 0.30859375 0.486328125
0 0.833984375 0.5107421875 0.3095703125 0.5595703125
9 0.6611328125 0.3798828125 0.119140625 0.1728515625