0 0.763671875 0.6328125 0.15625 0.4501953125
0 0.927734375 0.564453125 0.0732421875 0.302734375
0 0.142578125 0.6640625 0.173828125 0.462890625
0 0.251953125 0.626953125 0.1435546875 0.314453125
0 0.3896484375 0.638671875 0.123046875 0.5625
0 0.5869140625 0.6220703125 0.162109375 0.5751953125
4 0.1591796875 0.4677734375 0.0654296875 0.0654296875
4 0.3896484375 0.42578125 0.0654296875 0.0517578125
4 0.6005859375 0.400390625 0.0439453125 0.0830078125
4 0.7763671875 0.458984375 0.052734375 0.037109375
4 0.935546875 0.478515625 0.0390625 0.041015625
4 0.3046875 0.537109375 0.0390625 0.0703125