8 0.44921875 0.4609375 0.0859375 0.0888671875
9 0.130859375 0.5888671875 0.2509765625 0.3544921875
9 0.208984375 0.5478515625 0.1474609375 0.275390625
9 0.3408203125 0.62890625 0.298828125 0.3046875
9 0.421875 0.48828125 0.14453125 0.158203125
9 0.509765625 0.6064453125 0.28125 0.3486328125
9 0.705078125 0.4716796875 0.162109375 0.3466796875
9 0.80859375 0.44921875 0.216796875 0.37890625
8 0.806640625 0.2236328125 0.1357421875 0.09765625
8 0.693359375 0.2470703125 0.0966796875 0.1005859375
8 0.21875 0.40625 0.076171875 0.0830078125
8 0.0859375 0.376953125 0.0966796875 0.07421875
8 0.3349609375 0.4677734375 0.0712890625 0.07421875
7 0.0830078125 0.4052734375 0.0712890625 0.0361328125
7 0.2177734375 0.419921875 0.0498046875 0.02734375
7 0.419921875 0.4287109375 0.037109375 0.017578125
7 0.443359375 0.4873046875 0.0498046875 0.015625
7 0.3388671875 0.5029296875 0.0517578125 0.021484375
7 0.77734375 0.240234375 0.0810546875 0.0380859375
7 0.6953125 0.28515625 0.0771484375 0.0380859375
1 0.669921875 0.7109375 0.1044921875 0.0595703125
1 0.728515625 0.7509765625 0.115234375 0.0859375
0 0.8251953125 0.5302734375 0.2099609375 0.685546875
0 0.68359375 0.4970703125 0.1669921875 0.603515625
0 0.50390625 0.591796875 0.185546875 0.2734375
0 0.40625 0.6416015625 0.34375 0.4248046875
0 0.10546875 0.5703125 0.2099609375 0.4453125
0 0.21484375 0.4462890625 0.1298828125 0.1298828125
0 0.396484375 0.4521484375 0.119140625 0.140625