4 0.3828125 0.2822265625 0.080078125 0.0595703125
4 0.755859375 0.3076171875 0.1279296875 0.095703125
4 0.6123046875 0.583984375 0.080078125 0.091796875
0 0.22265625 0.61328125 0.427734375 0.5517578125
0 0.5556640625 0.6708984375 0.201171875 0.298828125
0 0.8173828125 0.6083984375 0.3359375 0.7314453125
4 0.40625 0.4072265625 0.076171875 0.103515625
10 0.205078125 0.490234375 0.2998046875 0.291015625
10 0.5498046875 0.646484375 0.134765625 0.193359375
10 0.857421875 0.51953125 0.228515625 0.328125
2 0.7548828125 0.701171875 0.0654296875 0.1015625
2 0.517578125 0.779296875 0.044921875 0.048828125
2 0.572265625 0.7724609375 0.0361328125 0.0517578125