0 0.15234375 0.5380859375 0.2548828125 0.6337890625
9 0.4990234375 0.63671875 0.1796875 0.296875
9 0.14453125 0.4814453125 0.22265625 0.2841796875
8 0.15625 0.2998046875 0.0810546875 0.0830078125
8 0.478515625 0.4541015625 0.0888671875 0.1240234375
8 0.80078125 0.3291015625 0.1259765625 0.1259765625
8 0.330078125 0.4111328125 0.083984375 0.0791015625
8 0.6328125 0.4208984375 0.0810546875 0.07421875
7 0.341796875 0.42578125 0.037109375 0.0244140625
7 0.431640625 0.396484375 0.0341796875 0.0126953125
7 0.525390625 0.3818359375 0.041015625 0.01953125
7 0.62890625 0.4306640625 0.037109375 0.0146484375
7 0.6767578125 0.3857421875 0.037109375 0.0126953125
7 0.634765625 0.357421875 0.03515625 0.01953125
7 0.96875 0.314453125 0.0458984375 0.0322265625
1 0.30859375 0.6884765625 0.0546875 0.0498046875
1 0.34375 0.7041015625 0.041015625 0.0654296875
1 0.69921875 0.7490234375 0.029296875 0.0654296875
1 0.73828125 0.7490234375 0.052734375 0.0517578125
5 0.140625 0.7958984375 0.0546875 0.0693359375
5 0.208984375 0.7978515625 0.0947265625 0.0576171875
5 0.373046875 0.8447265625 0.05078125 0.0791015625
5 0.447265625 0.8447265625 0.068359375 0.09765625
5 0.828125 0.82421875 0.1064453125 0.09765625
0 0.46875 0.6455078125 0.275390625 0.48046875
0 0.828125 0.5849609375 0.2724609375 0.5830078125
0 0.341796875 0.5595703125 0.1142578125 0.3486328125
0 0.6328125 0.5830078125 0.1142578125 0.3955078125
0 0.53125 0.439453125 0.11328125 0.1962890625
0 0.412109375 0.5126953125 0.10546875 0.3369140625
0 0.95703125 0.4951171875 0.0849609375 0.40234375
0 0.634765625 0.3779296875 0.0576171875 0.1005859375
0 0.0439453125 0.4736328125 0.078125 0.4443359375
0 0.3125 0.3388671875 0.099609375 0.1259765625
0 0.447265625 0.33203125 0.0546875 0.0869140625
0 0.40234375 0.3447265625 0.0595703125 0.0986328125
0 0.55078125 0.2978515625 0.083984375 0.0966796875
0 0.5556640625 0.34375 0.052734375 0.0771484375
9 0.634765625 0.5576171875 0.1171875 0.2021484375
9 0.3359375 0.5380859375 0.1171875 0.18359375
9 0.82421875 0.5458984375 0.234375 0.3603515625