6 0.5947265625 0.5244140625 0.0732421875 0.046875
1 0.521484375 0.70703125 0.080078125 0.0771484375
1 0.541015625 0.6552734375 0.1025390625 0.0927734375
1 0.6865234375 0.6826171875 0.0849609375 0.12109375
0 0.365234375 0.4873046875 0.3271484375 0.4580078125
0 0.6044921875 0.4921875 0.3662109375 0.486328125
9 0.623046875 0.416015625 0.1875 0.1552734375
9 0.3671875 0.568359375 0.1572265625 0.1884765625
8 0.341796875 0.380859375 0.140625 0.158203125
8 0.5361328125 0.3232421875 0.1015625 0.1025390625
7 0.3876953125 0.431640625 0.0478515625 0.0400390625
7 0.5361328125 0.3564453125 0.05078125 0.04296875
6 0.4052734375 0.5927734375 0.08203125 0.0615234375