0 0.7724609375 0.53515625 0.251953125 0.556640625
2 0.08984375 0.611328125 0.052734375 0.0576171875
10 0.46875 0.552734375 0.142578125 0.2265625
2 0.828125 0.6240234375 0.0498046875 0.080078125
4 0.4931640625 0.38671875 0.103515625 0.078125
4 0.1923828125 0.365234375 0.095703125 0.064453125
10 0.177734375 0.537109375 0.1435546875 0.2216796875
2 0.70703125 0.46875 0.044921875 0.078125
4 0.7626953125 0.333984375 0.095703125 0.083984375
2 0.26953125 0.6630859375 0.0439453125 0.064453125
10 0.7529296875 0.5068359375 0.150390625 0.236328125
0 0.1845703125 0.560546875 0.2626953125 0.5654296875
0 0.4755859375 0.564453125 0.2265625 0.533203125