6 0.412109375 0.548828125 0.080078125 0.08984375
6 0.76171875 0.49609375 0.0732421875 0.0673828125
0 0.4677734375 0.580078125 0.2177734375 0.5
0 0.6943359375 0.5341796875 0.3720703125 0.59765625
8 0.6162109375 0.30078125 0.158203125 0.134765625
8 0.482421875 0.4091796875 0.158203125 0.1396484375
9 0.669921875 0.611328125 0.201171875 0.40234375
9 0.46875 0.650390625 0.19921875 0.2548828125
7 0.458984375 0.412109375 0.0869140625 0.0498046875
7 0.6494140625 0.3125 0.109375 0.0546875
6 0.7861328125 0.3671875 0.1064453125 0.107421875