4 0.8642578125 0.177734375 0.0595703125 0.0703125
10 0.8896484375 0.30078125 0.078125 0.1767578125
10 0.482421875 0.318359375 0.0830078125 0.1748046875
10 0.294921875 0.314453125 0.083984375 0.1669921875
10 0.244140625 0.298828125 0.056640625 0.158203125
4 0.2177734375 0.5595703125 0.072265625 0.111328125
4 0.19140625 0.501953125 0.046875 0.0625
0 0.3076171875 0.361328125 0.1328125 0.4638671875
0 0.2548828125 0.3564453125 0.0966796875 0.4296875
0 0.47265625 0.3427734375 0.166015625 0.3828125
0 0.873046875 0.3642578125 0.109375 0.455078125
0 0.2197265625 0.6748046875 0.1533203125 0.3955078125
0 0.51171875 0.6220703125 0.15625 0.3232421875
4 0.259765625 0.1796875 0.044921875 0.0517578125
4 0.3095703125 0.197265625 0.0498046875 0.0595703125
4 0.474609375 0.1826171875 0.0595703125 0.0576171875
10 0.2197265625 0.728515625 0.103515625 0.2421875
10 0.5419921875 0.6533203125 0.0986328125 0.1904296875
4 0.5224609375 0.5283203125 0.056640625 0.0517578125