7 0.779296875 0.5439453125 0.03515625 0.0244140625
6 0.716796875 0.29296875 0.05078125 0.0703125
6 0.794921875 0.263671875 0.05078125 0.0703125
5 0.080078125 0.7744140625 0.0966796875 0.060546875
5 0.404296875 0.7685546875 0.0966796875 0.060546875
4 0.8125 0.5185546875 0.0966796875 0.087890625
5 0.439453125 0.654296875 0.0966796875 0.060546875
5 0.64453125 0.5126953125 0.0966796875 0.060546875
5 0.9296875 0.501953125 0.0966796875 0.060546875
0 0.240234375 0.634765625 0.412109375 0.3720703125
0 0.78515625 0.3125 0.412109375 0.4658203125
0 0.666015625 0.6494140625 0.412109375 0.3720703125
0 0.880859375 0.8662109375 0.2333984375 0.197265625
8 0.79296875 0.1142578125 0.0859375 0.05078125
8 0.306640625 0.4892578125 0.0859375 0.05078125
8 0.890625 0.7880859375 0.0859375 0.05078125
9 0.806640625 0.2373046875 0.162109375 0.1669921875
9 0.791015625 0.642578125 0.15234375 0.185546875
9 0.27734375 0.576171875 0.203125 0.142578125
2 0.8427734375 0.759765625 0.0380859375 0.0380859375
2 0.671875 0.5751953125 0.052734375 0.068359375