0 0.2197265625 0.533203125 0.236328125 0.404296875
4 0.390625 0.25390625 0.173828125 0.111328125
0 0.3759765625 0.33203125 0.1533203125 0.283203125
4 0.869140625 0.578125 0.0966796875 0.169921875
4 0.087890625 0.294921875 0.107421875 0.111328125
4 0.8447265625 0.4814453125 0.1328125 0.169921875
4 0.7392578125 0.400390625 0.244140625 0.169921875
4 0.248046875 0.3955078125 0.244140625 0.169921875
4 0.6650390625 0.55078125 0.173828125 0.2451171875
4 0.55078125 0.2587890625 0.173828125 0.111328125
4 0.306640625 0.1591796875 0.173828125 0.111328125
0 0.537109375 0.306640625 0.15625 0.2138671875
0 0.7734375 0.4384765625 0.248046875 0.275390625
0 0.640625 0.7470703125 0.408203125 0.427734375
0 0.072265625 0.37890625 0.140625 0.337890625
4 0.9609375 0.591796875 0.078125 0.169921875