1 0.8759765625 0.8203125 0.078125 0.1455078125
3 0.1923828125 0.1435546875 0.078125 0.0576171875
1 0.1650390625 0.857421875 0.1123046875 0.123046875
1 0.2138671875 0.759765625 0.056640625 0.125
1 0.279296875 0.712890625 0.0576171875 0.1826171875
1 0.337890625 0.6923828125 0.0498046875 0.154296875
4 0.1796875 0.087890625 0.1279296875 0.072265625
4 0.333984375 0.2119140625 0.072265625 0.111328125
4 0.4404296875 0.255859375 0.064453125 0.119140625
1 0.3994140625 0.6845703125 0.046875 0.1376953125
1 0.8056640625 0.810546875 0.052734375 0.1435546875
1 0.4521484375 0.681640625 0.0517578125 0.123046875
1 0.513671875 0.69921875 0.052734375 0.115234375
1 0.58203125 0.7109375 0.0595703125 0.125
1 0.646484375 0.744140625 0.041015625 0.1044921875
0 0.1708984375 0.474609375 0.2001953125 0.919921875
0 0.32421875 0.4814453125 0.1201171875 0.7158203125
0 0.4345703125 0.486328125 0.119140625 0.5966796875
0 0.5556640625 0.51171875 0.1435546875 0.583984375
0 0.6962890625 0.490234375 0.1279296875 0.7158203125
0 0.853515625 0.5869140625 0.173828125 0.6767578125
10 0.4287109375 0.4072265625 0.115234375 0.2470703125
10 0.314453125 0.390625 0.1123046875 0.2841796875
10 0.177734375 0.369140625 0.1484375 0.359375
4 0.884765625 0.34765625 0.080078125 0.0859375
4 0.7080078125 0.197265625 0.064453125 0.0966796875
4 0.568359375 0.2861328125 0.0595703125 0.0732421875
10 0.5546875 0.4736328125 0.119140625 0.2421875
10 0.7041015625 0.40234375 0.1171875 0.2783203125
10 0.8623046875 0.5458984375 0.146484375 0.302734375
1 0.7119140625 0.759765625 0.072265625 0.134765625