2 0.3408203125 0.4921875 0.1015625 0.103515625
0 0.3212890625 0.62109375 0.3134765625 0.7490234375
0 0.650390625 0.5625 0.4482421875 0.8681640625
8 0.3349609375 0.3125 0.1181640625 0.0888671875
8 0.740234375 0.212890625 0.1298828125 0.0888671875
7 0.3369140625 0.341796875 0.1015625 0.060546875
7 0.7353515625 0.251953125 0.1279296875 0.0537109375
9 0.7109375 0.435546875 0.328125 0.271484375
9 0.333984375 0.5244140625 0.2568359375 0.232421875
2 0.8544921875 0.650390625 0.08203125 0.1083984375
2 0.4599609375 0.3095703125 0.09375 0.0791015625
2 0.2685546875 0.490234375 0.0712890625 0.0986328125